-----Simulation 0-----
173098,0
173155,0
173420,0
173474,0
173625,0
173715,0
173851,0
174105,0
174108,0
174159,0
174610,0
174695,0
174790,0
174837,0
174903,0
175044,0
175071,0
175166,0
175371,0
175379,0
175429,0
175481,0
175532,0
175578,0
175584,0
175584,0
175787,0
175882,0
175893,0
175947,0
175988,0
176293,0
176418,0
176432,0
176571,0
176666,0
176832,0
176862,0
177034,0
177129,0
177157,0
177187,0
177314,0
177377,0
177444,0
177466,0
177623,0
177640,0
177845,0
177961,0
178052,0
178052,0
178184,0
178312,0
178471,0
178478,0
178526,0
178602,0
178935,0
179100,0
179107,0
179362,0
179385,0
179533,0
179767,0
179806,0
179974,0
179999,0
179999,0
180057,0
180166,0
180172,0
180248,0
180289,0
180519,0
180537,0
180559,0
180664,0
180694,0
181149,0
181444,0
181596,0
181810,0
181825,0
181988,0
182033,0
182216,0
182552,0
182919,0
182947,0
182974,0
183059,0
183113,0
183149,0
183200,0
183315,0
183367,0
183386,0
183445,0
183479,0
183702,0
183795,0
183812,0
183830,0
184000,0
184082,0
184235,0
184246,0
184505,0
184685,0
184778,0
185014,0
185173,0
185358,0
185613,0
185755,0
185789,0
185789,0
185931,0
185933,0
186094,0
186373,0
186533,0
186683,0
187053,0
187354,0
187796,0
187926,0
188013,0
188158,0
188213,0
188377,0
188501,0
188752,0
188872,0
188983,0
188985,0
189055,0
189559,0
189712,0
189886,0
189949,0
190023,0
190333,0
190367,0
190453,0
190638,0
190767,0
190813,0
190879,0
190909,0
191172,0
191367,0
191627,0
191654,0
191837,0
191865,0
192214,0
192236,0
192318,0
192404,0
192532,0
192555,0
192557,0
192609,0
192956,0
193090,0
193148,0
193282,0
193402,0
193412,0
193655,0
193731,0
193831,0
193970,0
194285,0
194342,0
194385,0
194522,0
194668,0
194741,0
194873,0
194901,0
194909,0
194936,0
195050,0
195251,0
195845,0
195868,0
196261,0
196305,0
196335,0
196345,0
196688,0
196723,0
197061,0
197080,0
197438,0
197639,0
197675,0
197746,0
197780,0
197850,0
198328,0
198357,0
198425,0
198427,0
198631,0
198814,0
199010,0
199167,0
199180,0
199318,0
199415,0
199551,0
199564,0
200183,0
200470,0
200593,0
200789,0
201151,0
201443,0
201478,0
201707,0
201914,0
201947,0
201981,0
202063,0
202276,0
202378,0
202541,0
202544,0
202589,0
202786,0
203111,0
203191,0
203223,0
203266,0
203361,0
203500,0
203658,0
204086,0
204259,0
204922,0
204999,0
205064,0
205263,0
205297,0
205505,0
205635,0
205755,0
205768,0
205973,0
206098,0
206170,0
206252,0
206275,0
206309,0
206487,0
206571,0
206779,0
206835,0
207127,0
207178,0
207351,0
207578,0
207603,0
207680,0
207720,0
207757,0
207944,0
208279,0
208455,0
208499,0
208583,0
208604,0
208874,0
208911,0
209030,0
209341,0
209520,0
210066,0
210216,0
210251,0
210357,0
210362,0
210779,0
211194,0
211380,0
211442,0
211771,0
211859,0
212059,0
212083,0
212085,0
212220,0
212461,0
212625,0
212664,0
213018,0
213111,0
213190,0
213265,0
213463,0
213502,0
214349,0
214879,0
215383,0
215469,0
215606,0
215638,0
215675,0
215901,0
216020,0
216047,0
216053,0
216783,0
217196,0
217283,0
217425,0
217450,0
217650,0
218017,0
218129,0
218232,0
218426,0
218594,0
218757,0
218992,0
219050,0
219278,0
219607,0
220027,0
220033,0
220214,0
220603,0
221118,0
221370,0
221495,0
221514,0
221796,0
221901,0
221941,0
221944,0
222274,0
222405,0
222424,0
222527,0
222626,0
222776,0
222997,0
223222,0
223599,0
224062,0
224716,0
224850,0
225135,0
225952,0
226066,0
226477,0
226502,0
226607,0
226755,0
227754,0
227760,0
228122,0
228291,0
228922,0
229110,0
229132,0
229158,0
229584,0
229798,0
229805,0
229942,0
229963,0
230130,0
230131,0
230202,0
230626,0
230919,0
230970,0
231008,0
231073,0
231125,0
231295,0
231342,0
231350,0
232416,0
232477,0
232819,0
232836,0
232953,0
233116,0
233123,0
233472,0
233580,0
233641,0
233776,0
234259,0
234524,0
235123,0
235128,0
235236,0
235251,0
235480,0
235560,0
235767,0
236183,0
236327,0
236401,0
237024,0
237055,0
237059,0
237480,0
237557,0
237629,0
237864,0
238011,0
238113,0
238683,0
238878,0
239014,0
239093,0
239138,0
239313,0
240060,0
240389,0
240501,0
240740,0
240795,0
240855,0
240855,0
240962,0
241083,0
241104,0
241151,0
241164,0
241187,0
241835,0
242090,0
242217,0
242605,0
242704,0
242758,0
242905,0
243395,0
243502,0
243664,0
243804,0
244027,0
244099,0
244137,0
244177,0
244748,0
244793,0
244795,0
244828,0
244957,0
245141,0
245394,0
245421,0
245555,0
245676,0
245800,0
246337,0
246364,0
246394,0
246918,0
247163,0
247168,0
247181,0
247417,0
247504,0
247620,0
247667,0
247794,0
247927,0
248344,0
248436,0
248454,0
248494,0
248568,0
248951,0
248972,0
249367,0
249549,0
249626,0
249695,0
249996,0
250112,0
250437,0
250495,0
250792,0
250988,0
251135,0
251144,0
251704,0
251863,0
251878,0
251960,0
251977,0
252160,0
252226,0
252238,0
252278,0
252394,0
252395,0
252420,0
252685,0
252838,0
252883,0
253031,0
253033,0
253037,0
253062,0
253113,0
253273,0
253329,0
253514,0
253693,0
253770,0
253978,0
254064,0
254127,0
254385,0
254659,0
254707,0
254791,0
254818,0
254837,0
254988,0
255156,0
255319,0
255320,0
255381,0
255403,0
255507,0
255584,0
256031,0
256058,0
256217,0
256236,0
256243,0
256333,0
256452,0
256517,0
256788,0
256795,0
256894,0
257031,0
257098,0
257207,0
257641,0
257968,0
258132,0
258237,0
258325,0
258467,0
258603,0
258644,0
258898,0
259088,0
259122,0
259201,0
259345,0
260309,0
260417,0
260581,0
260603,0
261119,0
261256,0
261451,0
261472,0
261530,0
261546,0
261574,0
261969,0
261985,0
262022,0
262204,0
262301,0
262423,0
262485,0
262601,0
262739,0
262917,0
262975,0
263002,0
263078,0
263189,0
263226,0
263366,0
263405,0
263533,0
263851,0
263883,0
264093,0
264097,0
264169,0
264388,0
264510,0
264568,0
264621,0
264740,0
265010,0
265181,0
265330,0
265446,0
265547,0
265646,0
265772,0
265847,0
266171,0
266246,0
266357,0
266367,0
266519,0
266639,0
266650,0
266924,0
266947,0
267092,0
267153,0
267557,0
267686,0
267930,0
267943,0
267979,0
268122,0
268271,0
268358,0
268613,0
268624,0
268674,0
268803,0
268987,0
269033,0
269110,0
269365,0
269467,0
269815,0
270017,0
270043,0
270153,0
270318,0
270689,0
270818,0
270900,0
270924,0
271217,0
271378,0
271475,0
271534,0
271579,0
271878,0
271895,0
272008,0
272038,0
272111,0
272115,0
272127,0
272338,0
272365,0
272825,0
272861,0
272943,0
273367,0
273382,0
273389,0
273677,0
273709,0
273812,0
273842,0
273997,0
274732,0
275067,0
275103,0
275178,0
275485,0
276014,0
276053,0
276073,0
276082,0
276155,0
276338,0
276568,0
276794,0
276903,0
277161,0
277619,0
277645,0
277867,0
278053,0
278125,0
278363,0
278422,0
278600,0
278631,0
278976,0
278981,0
279037,0
279483,0
279597,0
279757,0
279758,0
280078,0
280386,0
280427,0
280439,0
280451,0
280497,0
280512,0
280557,0
280557,0
280841,0
281172,0
281321,0
281669,0
281686,0
281890,0
282498,0
282530,0
282576,0
282578,0
282645,0
282749,0
282804,0
282893,0
282893,0
283049,0
283082,0
283746,0
283861,0
283883,0
283933,0
283986,0
283996,0
284263,0
284353,0
284382,0
284531,0
284582,0
284603,0
284851,0
284991,0
285101,0
285116,0
285351,0
285431,0
285439,0
285793,0
286525,0
286570,0
286774,0
286945,0
287016,0
287054,0
287063,0
287107,0
287110,0
287247,0
287646,0
287711,0
287736,0
288448,0
288454,0
288552,0
288870,0
288952,0
288979,0
289043,0
289250,0
289341,0
289418,0
289459,0
289801,0
289958,0
290018,0
290032,0
290038,0
290175,0
290256,0
290414,0
290606,0
290712,0
290725,0
290800,0
290840,0
290861,0
290906,0
291119,0
291152,0
291162,0
291352,0
291518,0
291643,0
291864,0
291957,0
291979,0
292171,0
292271,0
292330,0
292424,0
292437,0
292925,0
293157,0
293161,0
293433,0
293662,0
293754,0
294006,0
294025,0
294145,0
294242,0
294244,0
294250,0
294289,0
294386,0
294645,0
294746,0
294748,0
294809,0
294837,0
294837,0
294847,0
295065,0
295181,0
295702,0
295705,0
295754,0
295979,0
296024,0
296065,0
296211,0
296532,0
296686,0
296716,0
296800,0
296924,0
296926,0
297078,0
297099,0
297219,0
297565,0
297666,0
298703,0
298916,0
298951,0
298974,0
298981,0
299470,0
299568,0
299748,0
299766,0
300017,0
300094,0
300115,0
300138,0
300154,0
300500,0
300514,0
300589,0
300596,0
300702,0
300876,0
300963,0
300969,0
301150,0
301151,0
301238,0
301556,0
301661,0
301765,0
301866,0
301877,0
301951,0
301996,0
302040,0
302183,0
302581,0
302899,0
302929,0
303046,0
303066,0
303099,0
303166,0
303535,0
303601,0
303650,0
303770,0
303907,0
303993,0
304214,0
304301,0
304340,0
304912,0
305331,0
305458,0
305468,0
305741,0
305817,0
306704,0
306707,0
306888,0
307202,0
307244,0
307317,0
307633,0
307954,0
308005,0
308091,0
308105,0
308191,0
308211,0
308221,0
308257,0
308321,0
308456,0
308593,0
308718,0
309015,0
309017,0
309617,0
310120,0
310195,0
310204,0
310454,0
311120,0
311171,0
311441,0
311807,0
311914,0
311964,0
312428,0
312455,0
312497,0
313666,0
313950,0
313967,0
314268,0
314348,0
314372,0
314378,0
315351,0
315417,0
315541,0
315598,0
315893,0
316047,0
316174,0
317297,0
317477,0
317491,0
317578,0
317658,0
317813,0
317846,0
317897,0
318093,0
318159,0
318405,0
318428,0
318558,0
318686,0
318718,0
318981,0
319396,0
319476,0
319840,0
319939,0
319990,0
320471,0
320621,0
320760,0
321198,0
321221,0
321635,0
321695,0
321840,0
321870,0
322021,0
322035,0
322240,0
322251,0
322280,0
322325,0
322522,0
322532,0
322562,0
323549,0
323594,0
323640,0
323711,0
324610,0
324700,0
324718,0
325115,0
326436,0
326698,0
326834,0
326914,0
327214,0
327369,0
327583,0
327601,0
327724,0
327844,0
327891,0
328027,0
328042,0
328266,0
328493,0
328531,0
329074,0
329260,0
329481,0
329490,0
329678,0
329848,0
329866,0
330058,0
330179,0
330399,0
330409,0
330468,0
330509,0
330797,0
330822,0
331090,0
331122,0
331435,0
331653,0
331789,0
331835,0
331908,0
332004,0
332071,0
332185,0
332238,0
332420,0
332463,0
332547,0
332580,0
332773,0
332904,0
332934,0
333328,0
334374,0
334388,0
334450,0
334558,0
334564,0
334601,0
334681,0
334735,0
334905,0
335149,0
335200,0
335230,0
335712,0
336362,0
336477,0
336500,0
336620,0
337375,0
337407,0
337546,0
337760,0
337791,0
337860,0
337965,0
338338,0
338762,0
338996,0
339467,0
339734,0
339737,0
339901,0
340077,0
340220,0
340241,0
340312,0
340478,0
340522,0
340637,0
340677,0
340999,0
341163,0
341173,0
341240,0
341428,0
341602,0
341715,0
341771,0
341786,0
341807,0
341893,0
342139,0
342438,0
342519,0
343029,0
343034,0
343106,0
343243,0
343253,0
343279,0
343671,0
343704,0
343749,0
343775,0
343792,0
343935,0
344078,0
344108,0
344567,0
344658,0
344709,0
344896,0
344947,0
345267,0
345639,0
345726,0
345774,0
345886,0
345892,0
346324,0
346504,0
346564,0
346724,0
346870,0
346900,0
347008,0
347046,0
347086,0
347485,0
347764,0
348394,0
348997,0
349008,0
349104,0
349122,0
349249,0
349427,0
349488,0
349764,0
349940,0
350004,0
350127,0
350227,0
350253,0
350396,0
350501,0
350585,0
350618,0
350652,0
350789,0
351213,0
351771,0
351883,0
352140,0
352387,0
352946,0
353063,0
353168,0
353278,0
353297,0
353315,0
353509,0
353603,0
353667,0
353778,0
354298,0
354455,0
354550,0
354599,0
354629,0
354909,0
354963,0
354982,0
355083,0
355096,0
355190,0
355373,0
355397,0
355425,0
355426,0
355437,0
355441,0
355676,0
355789,0
355986,0
356066,0
356153,0
356507,0
356791,0
357033,0
357059,0
357080,0
357312,0
357312,0
357545,0
357625,0
357689,0
357723,0
357874,0
357875,0
358126,0
358149,0
358206,0
358222,0
358738,0
359034,0
359062,0
359076,0
359078,0
359212,0
359547,0
359670,0
359711,0
359870,0
360061,0
360078,0
360136,0
360198,0
360241,0
360255,0
360580,0
361017,0
361068,0
361107,0
361283,0
361415,0
361593,0
361599,0
361742,0
361779,0
361929,0
362023,0
362046,0
362094,0
362187,0
362205,0
362215,0
362254,0
362394,0
362674,0
362682,0
362708,0
362756,0
363017,0
363262,0
363294,0
363526,0
363561,0
363564,0
363715,0
363752,0
363866,0
363894,0
364041,0
364123,0
364373,0
364387,0
364454,0
364514,0
364552,0
364563,0
364564,0
364681,0
364895,0
365055,0
365067,0
365164,0
365258,0
365295,0
365324,0
365366,0
365696,0
366068,0
366222,0
366715,0
366912,0
366984,0
367002,0
367163,0
367258,0
367306,0
367420,0
367474,0
367679,0
367683,0
367688,0
367728,0
367828,0
367857,0
367950,0
368062,0
368185,0
368435,0
368525,0
368868,0
368894,0
368898,0
369004,0
369587,0
369643,0
369681,0
369728,0
369780,0
369986,0
370003,0
370297,0
370386,0
370605,0
370827,0
370885,0
370896,0
370973,0
371527,0
371610,0
371845,0
371901,0
371922,0
371971,0
372386,0
372466,0
372561,0
372563,0
372749,0
372768,0
372917,0
373036,0
373060,0
373101,0
373279,0
373286,0
373462,0
373522,0
373596,0
373604,0
373621,0
373672,0
373855,0
373938,0
374040,0
374201,0
374279,0
374317,0
374575,0
374747,0
374802,0
374928,0
374955,0
375054,0
375094,0
375241,0
375306,0
375583,0
375815,0
375861,0
376019,0
376052,0
376422,0
376713,0
376966,0
376991,0
376996,0
377038,0
377707,0
377714,0
377774,0
378202,0
378202,0
378210,0
378407,0
378757,0
378783,0
379031,0
379088,0
379531,0
379547,0
379603,0
379985,0
380155,0
380346,0
380361,0
380539,0
380788,0
381154,0
381243,0
381622,0
381773,0
381791,0
382050,0
382132,0
382281,0
382614,0
383054,0
383292,0
383350,0
383555,0
383566,0
383965,0
384028,0
384336,0
384350,0
384363,0
384825,0
385213,0
385308,0
385651,0
385840,0
386019,0
386108,0
386565,0
386820,0
386860,0
386892,0
386937,0
387157,0
387203,0
387313,0
387442,0
387813,0
387876,0
388357,0
388589,0
388637,0
388927,0
388950,0
389129,0
389367,0
389417,0
389489,0
389780,0
389917,0
390050,0
390110,0
390321,0
390573,0
390658,0
390765,0
390918,0
390952,0
391140,0
391147,0
391205,0
391309,0
391463,0
391561,0
391688,0
392021,0
392196,0
392699,0
393139,0
393433,0
393509,0
394020,0
394215,0
394665,0
394970,0
395655,0
395675,0
396386,0
396630,0
396901,0
397263,0
398100,0
398104,0
398244,0
398340,0
398803,0
398907,0
398993,0
399239,0
399449,0
399881,0
400162,0
400311,0
401010,0
401016,0
401027,0
401525,0
401602,0
401621,0
401639,0
401897,0
401912,0
402217,0
402505,0
402891,0
402974,0
402981,0
403042,0
403385,0
403565,0
403672,0
403817,0
403826,0
403982,0
404008,0
404037,0
404245,0
404670,0
404696,0
404868,0
404869,0
405084,0
405118,0
405380,0
405480,0
405499,0
405655,0
405937,0
406278,0
406806,0
406911,0
406975,0
406997,0
407338,0
407341,0
408268,0
408292,0
408358,0
408413,0
408507,0
408571,0
408733,0
408994,0
409135,0
409267,0
409446,0
409653,0
409747,0
409906,0
410181,0
410454,0
410625,0
410893,0
411176,0
411237,0
411294,0
411343,0
411404,0
411604,0
411987,0
412002,0
412046,0
412196,0
412531,0
412734,0
412752,0
412911,0
413263,0
413271,0
413466,0
413501,0
413668,0
413847,0
413936,0
414031,0
414232,0
414496,0
414953,0
414970,0
415294,0
415352,0
415478,0
415652,0
415885,0
415917,0
416186,0
416400,0
416472,0
416799,0
416882,0
417908,0
417909,0
418020,0
418328,0
418644,0
418820,0
419188,0
419266,0
419442,0
419456,0
419573,0
419952,0
420264,0
420379,0
420457,0
420483,0
420588,0
420924,0
420943,0
421023,0
421077,0
421141,0
421208,0
421442,0
421512,0
421644,0
421700,0
421811,0
422320,0
422375,0
422422,0
422969,0
423013,0
423038,0
423133,0
423208,0
423249,0
423287,0
423337,0
423525,0
423642,0
423777,0
424037,0
424093,0
424225,0
424393,0
424576,0
424579,0
424623,0
424693,0
425249,0
425568,0
425589,0
425599,0
425661,0
425811,0
425930,0
425954,0
426085,0
426362,0
426393,0
426456,0
426461,0
426567,0
426574,0
426746,0
426894,0
426911,0
426939,0
427053,0
427167,0
427437,0
427467,0
427711,0
427779,0
427961,0
428137,0
428301,0
428383,0
428428,0
428580,0
428862,0
428864,0
429197,0
429222,0
429258,0
429302,0
429378,0
429434,0
429437,0
429674,0
429856,0
429858,0
429871,0
429978,0
430018,0
430073,0
430326,0
430346,0
430568,0
430592,0
430680,0
430785,0
430970,0
431378,0
431525,0
431539,0
431562,0
431571,0
431660,0
431711,0
431866,0
431989,0
432196,0
432200,0
432219,0
432348,0
432407,0
432666,0
432820,0
432825,0
433337,0
433452,0
433503,0
433563,0
433633,0
433933,0
433941,0
434054,0
434360,0
434443,0
434593,0
434757,0
434766,0
434866,0
434904,0
435058,0
435138,0
435204,0
435666,0
435729,0
435987,0
436373,0
436395,0
436463,0
437345,0
437504,0
437712,0
437747,0
438128,0
438343,0
438483,0
438503,0
439000,0
439035,0
439764,0
439792,0
440098,0
440259,0
440267,0
440389,0
440416,0
440465,0
440515,0
440629,0
440713,0
440840,0
440911,0
440935,0
441071,0
441164,0
441215,0
441582,0
441623,0
441634,0
441660,0
441682,0
441903,0
441923,0
441992,0
442015,0
442271,0
442423,0
442561,0
442677,0
442799,0
442822,0
442871,0
443122,0
443224,0
443410,0
443444,0
443608,0
443743,0
443848,0
444058,0
444117,0
444217,0
444262,0
444523,0
444593,0
444633,0
444796,0
444899,0
444984,0
445031,0
445225,0
445264,0
445405,0
445509,0
445573,0
445781,0
446004,0
446068,0
446142,0
446291,0
446402,0
446455,0
446627,0
446636,0
446683,0
447061,0
447120,0
447145,0
447526,0
447547,0
447581,0
447743,0
448506,0
448681,0
448806,0
448865,0
449028,0
449170,0
449176,0
449207,0
449253,0
449311,0
449518,0
449612,0
449729,0
449817,0
449817,0
449883,0
449958,0
449989,0
450011,0
450067,0
450179,0
450291,0
450361,0
450417,0
450418,0
450455,0
450461,0
450529,0
450668,0
450825,0
450843,0
450863,0
451177,0
451294,0
451486,0
451657,0
451727,0
451756,0
451906,0
451961,0
452135,0
452171,0
452259,0
452584,0
452615,0
452711,0
452895,0
453083,0
453345,0
453349,0
453353,0
453360,0
453483,0
453623,0
453629,0
453629,0
453938,0
453985,0
454256,0
454593,0
454699,0
454708,0
454846,0
454985,0
455016,0
455031,0
455112,0
455436,0
455685,0
455840,0
456014,0
456065,0
456077,0
456289,0
456488,0
456689,0
456907,0
457081,0
457231,0
457282,0
457437,0
457660,0
457685,0
457739,0
457786,0
457877,0
457909,0
458051,0
458240,0
458716,0
458726,0
458863,0
458919,0
458996,0
459031,0
459097,0
459373,0
459560,0
459820,0
459878,0
459965,0
460029,0
460069,0
460138,0
460385,0
460406,0
460444,0
460647,0
461156,0
461402,0
462192,0
462659,0
462781,0
462896,0
462910,0
463040,0
463082,0
463152,0
463225,0
463271,0
463311,0
463523,0
463837,0
464042,0
464279,0
464573,0
464709,0
464732,0
464908,0
465037,0
465242,0
465326,0
465356,0
465380,0
465858,0
466151,0
466221,0
466395,0
466716,0
466760,0
466814,0
467024,0
467198,0
467220,0
467426,0
467695,0
467762,0
468007,0
468149,0
468415,0
468522,0
468560,0
469094,0
469420,0
469436,0
469454,0
469657,0
470005,0
470093,0
470128,0
470452,0
470634,0
470726,0
471208,0
471394,0
471451,0
472026,0
472070,0
472217,0
472327,0
472353,0
472498,0
472523,0
472709,0
472878,0
472886,0
472888,0
473010,0
473027,0
473252,0
473449,0
473539,0
473556,0
473609,0
473869,0
473951,0
474095,0
474617,0
474675,0
474712,0
475023,0
475088,0
475476,0
475539,0
475552,0
475574,0
475668,0
475902,0
475910,0
476117,0
476203,0
476509,0
476660,0
476890,0
477278,0
477401,0
477864,0
477921,0
477975,0
478074,0
478112,0
478215,0
478264,0
478593,0
478798,0
478811,0
478878,0
479192,0
479227,0
479543,0
479859,0
480165,0
480406,0
480550,0
480574,0
480576,0
480751,0
480828,0
481138,0
481834,0
482586,0
482821,0
482839,0
482953,0
483023,0
483101,0
483169,0
483385,0
483986,0
483986,0
484262,0
484524,0
484564,0
484608,0
484637,0
484850,0
484928,0
485140,0
485154,0
485187,0
485343,0
485413,0
485423,0
485995,0
486027,0
486145,0
486455,0
486487,0
486560,0
486584,0
486840,0
486922,0
487087,0
487157,0
487207,0
487360,0
487461,0
487631,0
487632,0
487679,0
487801,0
487803,0
487902,0
488458,0
488597,0
488597,0
488690,0
488732,0
488926,0
489068,0
489179,0
489188,0
489732,0
489862,0
489949,0
490317,0
491042,0
491129,0
491589,0
492128,0
492430,0
492531,0
492730,0
492918,0
492974,0
493086,0
493126,0
493319,0
494068,0
494278,0
494346,0
495013,0
495046,0
495136,0
495351,0
495386,0
495690,0
495708,0
495739,0
495764,0
496496,0
496497,0
496503,0
496692,0
497241,0
497290,0
497298,0
497809,0
498066,0
498492,0
498516,0
498523,0
499159,0
499231,0
499345,0
499721,0
499984,0
500416,0
500496,0
500519,0
500769,0
500878,0
501392,0
501485,0
501513,0
501776,0
502051,0
502054,0
502707,0
502734,0
502875,0
502925,0
503051,0
503174,0
503293,0
503442,0
503496,0
503557,0
503699,0
503870,0
503877,0
503974,0
504333,0
504540,0
504545,0
504782,0
504790,0
504888,0
504933,0
505254,0
505511,0
505725,0
505897,0
505943,0
505951,0
505991,0
506064,0
506120,0
506615,0
506724,0
507236,0
507833,0
507859,0
507864,0
507901,0
508080,0
508104,0
508132,0
508391,0
508413,0
508497,0
508512,0
508547,0
508653,0
509026,0
509082,0
509086,0
509140,0
509262,0
509295,0
509369,0
509653,0
509673,0
509761,0
509882,0
510318,0
510336,0
510402,0
510452,0
510546,0
510575,0
510773,0
510880,0
510936,0
510953,0
511033,0
511227,0
511306,0
511345,0
511527,0
511598,0
511631,0
511774,0
511797,0
512194,0
512529,0
512877,0
513067,0
513227,0
513275,0
513336,0
513417,0
513420,0
513494,0
513503,0
513744,0
513926,0
513937,0
513962,0
514121,0
514249,0
514346,0
514358,0
514499,0
514504,0
514505,0
514536,0
514539,0
514571,0
514823,0
514949,0
515194,0
515201,0
515209,0
515267,0
515296,0
515383,0
515435,0
515636,0
515717,0
515886,0
515911,0
515922,0
516001,0
516135,0
516145,0
516796,0
517061,0
517356,0
517380,0
517388,0
517456,0
517491,0
517689,0
517708,0
517891,0
517901,0
518029,0
518214,0
518239,0
518275,0
518457,0
518574,0
518622,0
518629,0
519201,0
519218,0
519256,0
519346,0
519366,0
519412,0
519647,0
519691,0
519755,0
519949,0
519952,0
519955,0
520172,0
520283,0
520322,0
520557,0
520661,0
521175,0
521202,0
521246,0
521405,0
521717,0
521768,0
521783,0
522279,0
522381,0
522389,0
522470,0
522516,0
522731,0
522914,0
523481,0
523490,0
523602,0
523829,0
523833,0
523864,0
524017,0
524078,0
524194,0
524197,0
524277,0
524736,0
524743,0
524941,0
525404,0
525576,0
525905,0
525918,0
525935,0
526310,0
526414,0
526439,0
526502,0
526613,0
526810,0
526975,0
526993,0
527277,0
527365,0
527450,0
527489,0
527773,0
527930,0
528073,0
528109,0
528242,0
528347,0
528437,0
528846,0
529384,0
529514,0
529693,0
529824,0
529858,0
529905,0
530010,0
530041,0
530139,0
530363,0
530377,0
530680,0
530845,0
530977,0
531204,0
531606,0
531707,0
531979,0
531986,0
532012,0
532180,0
532484,0
532796,0
532828,0
532838,0
533120,0
533141,0
533253,0
533254,0
533371,0
533405,0
533737,0
533878,0
533916,0
533955,0
533956,0
533995,0
534006,0
534029,0
534324,0
535075,0
535302,0
535470,0
535651,0
535742,0
535860,0
535976,0
536174,0
536415,0
536525,0
536591,0
536768,0
536939,0
537196,0
537352,0
537468,0
537564,0
537832,0
537840,0
537889,0
537999,0
538021,0
538307,0
538342,0
538732,0
538917,0
539015,0
539230,0
539361,0
539548,0
539626,0
539922,0
539972,0
540370,0
540434,0
540691,0
540724,0
540891,0
541098,0
541271,0
541372,0
541598,0
541736,0
541911,0
541994,0
542185,0
542511,0
542566,0
542714,0
543164,0
543187,0
543237,0
543345,0
543430,0
543476,0
543528,0
543573,0
543715,0
543779,0
543827,0
543850,0
543953,0
543997,0
544046,0
544066,0
544273,0
544301,0
544321,0
544540,0
544556,0
544691,0
544703,0
544788,0
544960,0
545129,0
545142,0
545156,0
545454,0
545597,0
545638,0
545681,0
545757,0
545771,0
545994,0
546168,0
546420,0
546445,0
546657,0
546740,0
546824,0
546844,0
546877,0
546982,0
547195,0
547226,0
547233,0
547607,0
548004,0
548310,0
548503,0
548805,0
548924,0
549224,0
549255,0
549376,0
549578,0
549783,0
549844,0
550025,0
550486,0
550541,0
550612,0
550629,0
550779,0
550796,0
550825,0
551170,0
552627,0
553033,0
553042,0
553122,0
553173,0
553339,0
553463,0
553483,0
553647,0
553774,0
554022,0
554098,0
554139,0
554154,0
554571,0
554592,0
554660,0
554798,0
555130,0
555191,0
555289,0
555565,0
555620,0
555632,0
555676,0
555866,0
555991,0
556217,0
556255,0
556291,0
556351,0
556397,0
556412,0
556802,0
556890,0
556990,0
557272,0
557301,0
557520,0
557521,0
557546,0
557595,0
557726,0
557746,0
557754,0
557945,0
557986,0
558075,0
558179,0
558273,0
558303,0
558428,0
558674,0
559057,0
559217,0
559265,0
559304,0
559796,0
560278,0
560858,0
561307,0
561657,0
561720,0
561935,0
562099,0
562348,0
562601,0
562732,0
562777,0
563157,0
563448,0
563492,0
563547,0
563645,0
563957,0
564707,0
565191,0
565334,0
565492,0
565826,0
565929,0
566187,0
566257,0
566266,0
566491,0
566508,0
566589,0
566768,0
566819,0
566829,0
567155,0
567248,0
567464,0
567479,0
567612,0
567847,0
568250,0
568531,0
568559,0
568816,0
568845,0
568977,0
569107,0
569137,0
569818,0
569915,0
570107,0
570167,0
570559,0
570843,0
571166,0
571413,0
571656,0
571696,0
571715,0
571744,0
571881,0
571914,0
572063,0
572572,0
572577,0
573255,0
573744,0
574367,0
574538,0
574615,0
574915,0
574959,0
574987,0
575076,0
575479,0
575519,0
575609,0
575646,0
575815,0
575848,0
575897,0
575970,0
576103,0
576120,0
576180,0
576337,0
576736,0
576772,0
577042,0
577321,0
577348,0
577455,0
577590,0
577707,0
577832,0
578274,0
578300,0
578449,0
578455,0
578709,0
578799,0
578808,0
578841,0
579167,0
579306,0
579460,0
579748,0
579786,0
579916,0
579960,0
580055,0
580217,0
580373,0
580381,0
580519,0
580624,0
580802,0
580850,0
580962,0
581119,0
581209,0
581548,0
581709,0
581999,0
582338,0
582462,0
582740,0
582950,0
582966,0
583070,0
583120,0
583152,0
583176,0
583266,0
583442,0
583467,0
583481,0
583485,0
583782,0
583914,0
583926,0
584259,0
584381,0
584427,0
584483,0
584624,0
584828,0
585281,0
585596,0
585644,0
585863,0
586250,0
586362,0
586427,0
586514,0
587074,0
587492,0
587550,0
587671,0
588011,0
588051,0
588204,0
588605,0
588729,0
588909,0
588977,0
589039,0
589076,0
589252,0
589265,0
589336,0
589447,0
589601,0
589884,0
589993,0
590189,0
590203,0
590309,0
590424,0
590555,0
590650,0
590883,0
590915,0
591428,0
591620,0
591752,0
591845,0
591907,0
592334,0
592580,0
592744,0
592871,0
592991,0
593034,0
593131,0
593323,0
593475,0
593507,0
593752,0
593760,0
593807,0
593912,0
593996,0
594151,0
594262,0
594512,0
594538,0
594578,0
594621,0
594646,0
594741,0
595136,0
595182,0
595302,0
595333,0
595353,0
595503,0
595683,0
595816,0
595882,0
595932,0
596038,0
596100,0
596103,0
596129,0
596172,0
596289,0
596304,0
596507,0
596631,0
596787,0
597067,0
597302,0
597346,0
597650,0
598207,0
598421,0
598463,0
598555,0
598671,0
598762,0
598860,0
598887,0
599117,0
599215,0
599518,0
599581,0
599589,0
599886,0
599917,0
599948,0
600251,0
600737,0
601163,0
601221,0
601407,0
601440,0
601819,0
601918,0
601945,0
602010,0
602055,0
602069,0
602156,0
602195,0
602222,0
602339,0
602340,0
602434,0
602468,0
602559,0
602577,0
602684,0
602805,0
603016,0
603174,0
603241,0
603384,0
603427,0
603473,0
603514,0
603573,0
603646,0
603710,0
603836,0
604036,0
604548,0
604569,0
604616,0
604784,0
604826,0
604832,0
605106,0
605327,0
605386,0
605567,0
605637,0
605664,0
605682,0
605717,0
605742,0
605754,0
605789,0
606296,0
606503,0
606550,0
606553,0
606619,0
606840,0
606949,0
607133,0
607137,0
607168,0
607815,0
607939,0
608089,0
608241,0
608297,0
608418,0
608532,0
608693,0
608816,0
608859,0
608951,0
609037,0
609242,0
609278,0
609524,0
609768,0
609885,0
609941,0
610230,0
610346,0
610415,0
610541,0
610563,0
610726,0
610758,0
610847,0
611081,0
611242,0
611255,0
611271,0
611555,0
611695,0
611739,0
611767,0
611974,0
612240,0
612364,0
612482,0
612497,0
612529,0
612537,0
612680,0
612945,0
612989,0
613147,0
613208,0
613229,0
613327,0
613374,0
613622,0
613671,0
614039,0
614072,0
614078,0
614223,0
614228,0
614306,0
614445,0
614503,0
614540,0
614559,0
614940,0
614947,0
614963,0
615259,0
615573,0
615830,0
615947,0
616008,0
616018,0
616174,0
616264,0
616266,0
616289,0
616320,0
616359,0
616360,0
616918,0
617646,0
617711,0
617732,0
617757,0
617830,0
618004,0
618102,0
618141,0
618722,0
618844,0
618992,0
619040,0
619048,0
619141,0
619171,0
619509,0
619719,0
619735,0
619850,0
620021,0
620094,0
620167,0
620205,0
620431,0
620444,0
620445,0
620916,0
621229,0
621275,0
621528,0
621884,0
621933,0
622457,0
622530,0
622651,0
622771,0
622853,0
622878,0
622914,0
622950,0
623007,0
623020,0
623045,0
623151,0
623334,0
623485,0
623801,0
623809,0
624122,0
624229,0
624258,0
624304,0
624330,0
624499,0
624727,0
624783,0
624885,0
624927,0
625073,0
625107,0
625146,0
625319,0
625483,0
625520,0
625575,0
625611,0
625658,0
625743,0
625791,0
626133,0
626337,0
626419,0
626558,0
626899,0
626979,0
627012,0
627110,0
627232,0
627704,0
627721,0
628078,0
628341,0
628420,0
628429,0
628474,0
628479,0
628708,0
628754,0
628757,0
628810,0
629087,0
629537,0
629794,0
629833,0
630260,0
630765,0
630815,0
630914,0
630931,0
631400,0
631435,0
631913,0
631937,0
632091,0
632248,0
632459,0
632676,0
633018,0
633069,0
633221,0
633282,0
633570,0
633598,0
633878,0
633954,0
633999,0
634193,0
634202,0
634334,0
634355,0
634900,0
634978,0
634983,0
634994,0
635188,0
635297,0
635423,0
635600,0
635851,0
635917,0
636233,0
636264,0
636304,0
636387,0
636433,0
636682,0
636728,0
636979,0
637113,0
637266,0
637393,0
637589,0
637792,0
637839,0
638042,0
638280,0
638292,0
638502,0
638626,0
638738,0
639143,0
639282,0
639471,0
639485,0
640024,0
640054,0
640217,0
640252,0
640321,0
641047,0
641223,0
641239,0
641479,0
641588,0
641854,0
641889,0
642008,0
642104,0
642143,0
642334,0
642337,0
642553,0
642653,0
642711,0
642826,0
642834,0
642985,0
643135,0
643161,0
643616,0
643822,0
643935,0
644133,0
644163,0
644262,0
644644,0
644647,0
644816,0
644854,0
644877,0
645026,0
645115,0
645153,0
645259,0
645301,0
645617,0
645823,0
645980,0
646202,0
646644,0
646674,0
646975,0
647039,0
647299,0
647313,0
647660,0
647729,0
648039,0
648130,0
648194,0
648233,0
648321,0
648382,0
648505,0
648570,0
648610,0
648734,0
648794,0
648902,0
649303,0
649330,0
649460,0
649595,0
649629,0
649858,0
649932,0
649996,0
650327,0
650567,0
650619,0
651509,0
651540,0
651632,0
651801,0
651898,0
651976,0
652157,0
652189,0
652602,0
652900,0
652927,0
652967,0
653143,0
653457,0
653733,0
654055,0
654305,0
654807,0
654858,0
655213,0
655214,0
655297,0
655299,0
655338,0
655913,0
656552,0
657143,0
657260,0
657354,0
657479,0
657684,0
657913,0
657922,0
658246,0
658355,0
658399,0
658771,0
659152,0
659222,0
659486,0
659719,0
659906,0
660203,0
660507,0
660542,0
660786,0
660845,0
660995,0
661501,0
661775,0
662083,0
662143,0
662187,0
662487,0
662621,0
662918,0
662930,0
662931,0
662983,0
663413,0
663932,0
664087,0
664402,0
664498,0
664883,0
664905,0
664993,0
664993,0
665308,0
665517,0
665954,0
666107,0
666513,0
666695,0
666727,0
666805,0
666900,0
667251,0
667620,0
667685,0
667751,0
667782,0
667989,0
668357,0
668715,0
669069,0
669153,0
669378,0
669482,0
669605,0
670259,0
670440,0
670528,0
670718,0
670907,0
670991,0
671292,0
671450,0
671468,0
672036,0
672165,0
672323,0
672415,0
672494,0
672550,0
672593,0
672594,0
672753,0
672839,0
673548,0
673582,0
673916,0
673935,0
674041,0
674052,0
674122,0
674263,0
674430,0
674503,0
674512,0
674731,0
674754,0
674802,0
674909,0
675304,0
675522,0
675566,0
675759,0
675840,0
676087,0
676630,0
677008,0
677170,0
677209,0
677280,0
677469,0
677482,0
677492,0
677840,0
678030,0
678246,0
678329,0
678437,0
678610,0
678744,0
678826,0
678855,0
678966,0
679405,0
679441,0
679467,0
679720,0
679928,0
680079,0
680549,0
680782,0
681039,0
681063,0
681227,0
681481,0
681647,0
681649,0
681906,0
681942,0
682041,0
682084,0
682093,0
682235,0
682590,0
682809,0
682907,0
683721,0
683844,0
684003,0
684426,0
684433,0
684447,0
684757,0
684830,0
685190,0
685413,0
685558,0
685680,0
685759,0
686730,0
686792,0
687398,0
687410,0
687673,0
687978,0
688093,0
688469,0
688502,0
688568,0
688767,0
688978,0
689029,0
689099,0
689109,0
689269,0
689370,0
689492,0
689530,0
689913,0
690087,0
690181,0
690312,0
690881,0
690971,0
691145,0
691157,0
691186,0
691291,0
691439,0
691474,0
691496,0
691643,0
691847,0
691872,0
691922,0
691932,0
691968,0
692006,0
692400,0
692502,0
692582,0
692715,0
692740,0
692764,0
692951,0
692954,0
692961,0
692990,0
693028,0
693330,0
693551,0
693615,0
693877,0
693929,0
694020,0
694128,0
694155,0
694367,0
694371,0
694410,0
694582,0
694876,0
694909,0
694998,0
695074,0
695109,0
695148,0
695194,0
695430,0
695458,0
695508,0
695763,0
696069,0
696105,0
696288,0
696290,0
696449,0
696478,0
696520,0
696564,0
696711,0
696755,0
696989,0
697086,0
697214,0
697272,0
697394,0
697417,0
697604,0
697768,0
697872,0
697960,0
697974,0
697991,0
698277,0
698705,0
698929,0
698943,0
698976,0
699098,0
699099,0
699132,0
699196,0
699316,0
699431,0
699536,0
699562,0
699957,0
699958,0
700239,0
700448,0
700762,0
700777,0
700852,0
700890,0
701158,0
701191,0
701255,0
701275,0
701298,0
701395,0
701798,0
701804,0
702005,0
702010,0
702119,0
702196,0
702285,0
702545,0
702570,0
702583,0
702698,0
703405,0
703438,0
703444,0
703476,0
703515,0
703747,0
703755,0
703824,0
703876,0
703883,0
703913,0
704008,0
704248,0
704258,0
704352,0
704386,0
704520,0
705197,0
705425,0
705575,0
705684,0
705778,0
705827,0
705887,0
705963,0
705993,0
706031,0
706033,0
706645,0
706758,0
706769,0
706821,0
707113,0
707195,0
707292,0
707396,0
707409,0
707425,0
707686,0
707828,0
707871,0
707883,0
708073,0
708080,0
708192,0
708219,0
708287,0
708308,0
708910,0
709029,0
709069,0
709104,0
709165,0
709172,0
709823,0
709884,0
709930,0
710084,0
710247,0
710285,0
710456,0
710467,0
710554,0
710771,0
710797,0
710836,0
710856,0
711132,0
711255,0
711496,0
711777,0
711827,0
712229,0
712501,0
712512,0
712522,0
712606,0
712623,0
712635,0
712737,0
712959,0
713075,0
713163,0
713528,0
713548,0
713697,0
713712,0
713752,0
713775,0
713926,0
714000,0
714094,0
714495,0
714781,0
714925,0
714935,0
714962,0
714988,0
715007,0
715092,0
715229,0
715293,0
715415,0
715524,0
715668,0
715882,0
716211,0
716672,0
716705,0
716720,0
716741,0
716747,0
716796,0
716860,0
717002,0
717222,0
717277,0
717401,0
717706,0
717830,0
717908,0
718000,0
718071,0
718101,0
718295,0
718521,0
718538,0
718770,0
718812,0
719207,0
719325,0
719533,0
719752,0
719913,0
719967,0
720016,0
720072,0
720114,0
720283,0
720618,0
720627,0
720678,0
720731,0
720825,0
720948,0
721011,0
721041,0
721129,0
721143,0
721148,0
721215,0
721273,0
721481,0
721751,0
722404,0
722975,0
723198,0
723242,0
723602,0
723607,0
723718,0
723740,0
724035,0
724276,0
724284,0
724358,0
724538,0
724639,0
724893,0
725029,0
725165,0
725188,0
725314,0
725405,0
725533,0
725594,0
725597,0
725618,0
725670,0
725761,0
725911,0
725968,0
726005,0
726145,0
726429,0
726753,0
726921,0
726972,0
727426,0
727567,0
727670,0
727824,0
727975,0
728042,0
728335,0
728534,0
728535,0
728702,0
728908,0
729508,0
729528,0
729666,0
729778,0
729791,0
729968,0
730064,0
730323,0
730365,0
730520,0
730564,0
730947,0
731050,0
731065,0
731096,0
731195,0
731351,0
731594,0
731618,0
731712,0
732067,0
732133,0
732497,0
732613,0
732785,0
733169,0
733382,0
733400,0
733766,0
733846,0
734320,0
734789,0
735023,0
735061,0
735230,0
735300,0
735561,0
735736,0
736066,0
736212,0
736254,0
736266,0
736540,0
736739,0
736830,0
736894,0
737486,0
737690,0
737791,0
738009,0
738062,0
738278,0
738352,0
738594,0
738621,0
738641,0
738771,0
739008,0
739170,0
739291,0
739526,0
739648,0
739824,0
739973,0
739990,0
740032,0
740092,0
740107,0
740314,0
740399,0
740776,0
740933,0
741236,0
741830,0
742342,0
742463,0
742578,0
742810,0
742961,0
743551,0
743891,0
744027,0
744060,0
744209,0
744519,0
744721,0
744975,0
745107,0
745555,0
745641,0
745703,0
745846,0
746014,0
746023,0
746116,0
746151,0
746225,0
746315,0
746598,0
746817,0
746869,0
747274,0
747344,0
747572,0
747642,0
747667,0
747737,0
747921,0
747957,0
748009,0
748372,0
748488,0
748717,0
748725,0
749072,0
749278,0
749379,0
749498,0
749732,0
749796,0
749855,0
750072,0
750099,0
750417,0
750734,0
750919,0
752013,0
752168,0
752370,0
752726,0
752987,0
753249,0
753273,0
753544,0
753889,0
754755,0
755036,0
755177,0
755252,0
755265,0
755432,0
755482,0
755747,0
755790,0
755819,0
755896,0
756229,0
756541,0
756589,0
756626,0
756800,0
757057,0
757291,0
757324,0
757341,0
757485,0
757537,0
757617,0
757696,0
757719,0
757827,0
757830,0
757884,0
757910,0
758085,0
758420,0
758745,0
759182,0
759353,0
759782,0
760096,0
760110,0
760326,0
760403,0
760429,0
760633,0
760698,0
760904,0
761077,0
761133,0
761581,0
761595,0
761620,0
761629,0
761731,0
761771,0
762064,0
762182,0
762204,0
762393,0
762545,0
762741,0
763079,0
763154,0
763201,0
763352,0
763449,0
764028,0
764203,0
764284,0
764398,0
764760,0
764802,0
765184,0
765224,0
765305,0
765422,0
765426,0
765981,0
766153,0
766459,0
766608,0
766823,0
766848,0
767842,0
767850,0
767924,0
768093,0
768346,0
768367,0
768395,0
769114,0
769209,0
769334,0
769606,0
769966,0
770042,0
770165,0
770391,0
770457,0
770535,0
770628,0
770745,0
770877,0
771016,0
771239,0
771525,0
771564,0
771751,0
772152,0
772159,0
772404,0
772469,0
772756,0
772982,0
773038,0
773134,0
773369,0
773377,0
773397,0
773443,0
773798,0
774091,0
774386,0
774550,0
774615,0
774716,0
774776,0
774827,0
774856,0
775036,0
775311,0
775468,0
775842,0
776267,0
776428,0
776639,0
776864,0
777016,0
777031,0
777131,0
777153,0
777170,0
777317,0
777371,0
777440,0
777486,0
777489,0
-----Simulation 1-----
