0,0,0,0,0,0,0,0
161,0,0,0,1,0,0,0
161,0,0,0,1,0,0,0
636,1,0,0,1,0,0,0
636,1,0,0,1,0,0,0
679,1,0,0,1,1,0,0
679,1,0,0,1,1,0,0
1105,1,0,0,1,1,1,0
1105,1,0,0,1,1,1,0
1721,1,1,0,1,1,1,0
1721,1,1,0,1,1,1,0
1764,1,1,0,2,1,1,0
1764,1,1,0,2,1,1,0
1884,2,1,0,2,1,1,0
1884,2,1,0,2,1,1,0
1948,2,1,0,3,1,1,0
1948,2,1,0,3,1,1,0
2353,3,1,0,3,1,1,0
2353,3,1,0,3,1,1,0
2440,3,1,0,4,1,1,0
2440,3,1,0,4,1,1,0
3002,3,2,0,4,1,1,0
3002,3,2,0,4,1,1,0
3098,3,2,1,4,1,1,0
3098,3,2,1,4,1,1,0
3415,3,2,1,4,1,1,1
3415,3,2,1,4,1,1,1
3463,3,2,1,4,2,1,1
3463,3,2,1,4,2,1,1
3600,3,2,1,4,2,1,1
4416,4,2,1,4,2,1,1
4416,4,2,1,4,2,1,1
4721.0,4,2,1,4,2,1,1
4721.0,4,2,1,4,2,1,1
4794,4,3,1,4,2,1,1
4794,4,3,1,4,2,1,1
5219,4,3,1,4,3,1,1
5219,4,3,1,4,3,1,1
6148.0,4,3,1,4,3,1,1
6148.0,4,3,1,4,3,1,1
6161.0,4,3,1,4,3,1,1
6161.0,4,3,1,4,3,1,1
6602.0,4,3,1,4,3,1,1
6602.0,4,3,1,4,3,1,1
7200,4,3,1,4,3,1,1
7663.0,4,3,1,4,3,1,1
7663.0,4,3,1,4,3,1,1
7835.999999999999,4,3,1,4,3,1,1
7835.999999999999,4,3,1,4,3,1,1
8616.0,4,3,1,4,3,1,1
8616.0,4,3,1,4,3,1,1
8778,4,3,1,4,3,2,1
8778,4,3,1,4,3,2,1
9505.0,4,3,1,4,3,2,1
9505.0,4,3,1,4,3,2,1
9615,4,3,1,4,3,2,2
9615,4,3,1,4,3,2,2
10054,4,3,1,4,4,2,2
10054,4,3,1,4,4,2,2
10800,4,3,1,4,4,2,2
11215.0,4,3,1,4,4,2,2
11215.0,4,3,1,4,4,2,2
11851,4,3,1,4,4,3,2
11851,4,3,1,4,4,3,2
12674,4,3,1,4,5,3,2
12674,4,3,1,4,5,3,2
12801,4,3,1,4,6,3,2
12801,4,3,1,4,6,3,2
12978.0,4,3,1,4,6,3,2
12978.0,4,3,1,4,6,3,2
13051.0,4,3,1,4,6,3,2
13051.0,4,3,1,4,6,3,2
13346,4,3,1,4,6,3,2
13346,4,3,1,4,6,2,2
13879.0,4,3,1,4,6,2,2
13879.0,4,3,1,4,6,2,2
14400,4,3,1,4,6,2,2
16401.0,4,3,1,4,6,2,2
16401.0,4,3,1,4,6,2,2
17484.0,4,3,1,4,6,2,2
17484.0,4,3,1,4,6,2,2
18000,4,3,1,4,6,2,2
19840.0,4,3,1,4,6,2,2
19840.0,4,3,1,4,6,2,2
20168,4,3,1,4,6,2,2
20168,3,3,1,4,6,2,2
20394.0,3,3,1,4,6,2,2
20394.0,3,3,1,4,6,2,2
21593,3,3,1,4,6,2,2
21593,3,3,1,4,6,1,2
21600,3,3,1,4,6,1,2
21843,3,4,1,4,6,1,2
21843,3,4,1,4,6,1,2
22562,3,4,1,5,6,1,2
22562,3,4,1,5,6,1,2
22815.0,3,4,1,5,6,1,2
22815.0,3,4,1,5,6,1,2
23051,4,4,1,5,6,1,2
23051,4,4,1,5,6,1,2
23139,4,4,1,6,6,1,2
23139,4,4,1,6,6,1,2
23353.0,4,4,1,6,6,1,2
23353.0,4,4,1,6,6,1,2
23499,4,4,1,6,6,1,3
23499,4,4,1,6,6,1,3
23541,4,5,1,6,6,1,3
23541,4,5,1,6,6,1,3
23819.0,4,5,1,6,6,1,3
23819.0,4,5,1,6,6,1,3
24074.0,4,5,1,6,6,1,3
24074.0,4,5,1,6,6,1,3
24454.0,4,5,1,6,6,1,3
24454.0,4,5,1,6,6,1,3
24535,4,5,1,6,6,1,3
24535,4,5,1,6,5,1,3
25200,4,5,1,6,5,1,3
25427,5,5,1,6,5,1,3
25427,5,5,1,6,5,1,3
25482,5,5,1,6,6,1,3
25482,5,5,1,6,6,1,3
25508,5,5,2,6,6,1,3
25508,5,5,2,6,6,1,3
25562.0,5,5,2,6,6,1,3
25562.0,5,5,2,6,6,1,3
25665,5,6,2,6,6,1,3
25665,5,6,2,6,6,1,3
25716,5,6,2,6,6,1,4
25716,5,6,2,6,6,1,4
25899,5,6,3,6,6,1,4
25899,5,6,3,6,6,1,4
26043.0,5,6,3,6,6,1,4
26043.0,5,6,3,6,6,1,4
26101,5,6,3,6,6,1,4
26101,5,6,3,5,6,1,4
26220,5,6,3,6,6,1,4
26220,5,6,3,6,6,1,4
26220.0,5,6,3,6,6,1,4
26220.0,5,6,3,6,6,1,4
26387,5,6,3,6,6,1,5
26387,5,6,3,6,6,1,5
26397,6,6,3,6,6,1,5
26397,6,6,3,6,6,1,5
26682,6,6,4,6,6,1,5
26682,6,6,4,6,6,1,5
26847,6,6,4,6,7,1,5
26847,6,6,4,6,7,1,5
26929,7,6,4,6,7,1,5
26929,7,6,4,6,7,1,5
26969,7,6,4,6,7,1,6
26969,7,6,4,6,7,1,6
27237,7,6,5,6,7,1,6
27237,7,6,5,6,7,1,6
27266,8,6,5,6,7,1,6
27266,8,6,5,6,7,1,6
27438,8,6,5,6,8,1,6
27438,8,6,5,6,8,1,6
27470,8,7,5,6,8,1,6
27470,8,7,5,6,8,1,6
27549,9,7,5,6,8,1,6
27549,9,7,5,6,8,1,6
27698.0,9,7,5,6,8,1,6
27698.0,9,7,5,6,8,1,6
27908.0,9,7,5,6,8,1,6
27908.0,9,7,5,6,8,1,6
28014,9,7,6,6,8,1,6
28014,9,7,6,6,8,1,6
28638.0,9,7,6,6,8,1,6
28638.0,9,7,6,6,8,1,6
28648,9,7,6,6,9,1,6
28648,9,7,6,6,9,1,6
28800,9,7,6,6,9,1,6
28923,9,7,6,7,9,1,6
28923,9,7,6,7,9,1,6
28928,9,8,6,7,9,1,6
28928,9,8,6,7,9,1,6
29082.0,9,8,6,7,9,1,6
29082.0,9,8,6,7,9,1,6
29109,9,8,7,7,9,1,6
29109,9,8,7,7,9,1,6
29329.0,9,8,7,7,9,1,6
29329.0,9,8,7,7,9,1,6
29387,9,8,7,7,10,1,6
29387,9,8,7,7,10,1,6
29519,9,8,7,8,10,1,6
29519,9,8,7,8,10,1,6
29520,9,8,7,8,10,2,6
29520,9,8,7,8,10,2,6
29528.0,9,8,7,8,10,2,6
29528.0,9,8,7,8,10,2,6
29542,9,8,7,8,10,2,7
29542,9,8,7,8,10,2,7
29558,10,8,7,8,10,2,7
29558,10,8,7,8,10,2,7
29714,11,8,7,8,10,2,7
29714,11,8,7,8,10,2,7
29752,11,8,8,8,10,2,7
29752,11,8,8,8,10,2,7
29774,11,8,8,9,10,2,7
29774,11,8,8,9,10,2,7
29805,12,8,8,9,10,2,7
29805,12,8,8,9,10,2,7
29825,12,8,8,9,10,2,8
29825,12,8,8,9,10,2,8
29949.0,12,8,8,9,10,2,8
29949.0,12,8,8,9,10,2,8
29962,12,9,8,9,10,2,8
29962,12,9,8,9,10,2,8
29997,12,10,8,9,10,2,8
29997,12,10,8,9,10,2,8
30227.0,12,10,8,9,10,2,8
30227.0,12,10,8,9,10,2,8
30258,13,10,8,9,10,2,8
30258,13,10,8,9,10,2,8
30335,13,10,8,10,10,2,8
30335,13,10,8,10,10,2,8
30372,13,10,8,11,10,2,8
30372,13,10,8,11,10,2,8
30396,13,11,8,11,10,2,8
30396,13,11,8,11,10,2,8
30475,13,11,8,12,10,2,8
30475,13,11,8,12,10,2,8
30510,14,11,8,12,10,2,8
30510,14,11,8,12,10,2,8
30516.0,14,11,8,12,10,2,8
30516.0,14,11,8,12,10,2,8
30556,14,11,8,12,11,2,8
30556,14,11,8,12,11,2,8
30557,14,11,8,13,11,2,8
30557,14,11,8,13,11,2,8
30617,15,11,8,13,11,2,8
30617,15,11,8,13,11,2,8
30617.0,15,11,8,13,11,2,8
30617.0,15,11,8,13,11,2,8
30720,15,11,8,13,11,2,9
30720,15,11,8,13,11,2,9
30866.0,15,11,8,13,11,2,9
30866.0,15,11,8,13,11,2,9
30960,15,11,9,13,11,2,9
30960,15,11,9,13,11,2,9
30961,15,12,9,13,11,2,9
30961,15,12,9,13,11,2,9
31010,15,12,9,13,12,2,9
31010,15,12,9,13,12,2,9
31017,15,12,9,13,13,2,9
31017,15,12,9,13,13,2,9
31193,15,12,9,14,13,2,9
31193,15,12,9,14,13,2,9
31323,15,12,9,14,13,2,10
31323,15,12,9,14,13,2,10
31346,15,12,9,14,14,2,10
31346,15,12,9,14,14,2,10
31535.0,15,12,9,14,14,2,10
31535.0,15,12,9,14,14,2,10
31596.0,15,12,9,14,14,2,10
31596.0,15,12,9,14,14,2,10
31609,15,12,9,15,14,2,10
31609,15,12,9,15,14,2,10
31626,15,12,9,15,14,2,11
31626,15,12,9,15,14,2,11
31684,15,13,9,15,14,2,11
31684,15,13,9,15,14,2,11
31763.999999999996,15,13,9,15,14,2,11
31763.999999999996,15,13,9,15,14,2,11
31796,15,13,9,16,14,2,11
31796,15,13,9,16,14,2,11
31797.0,15,13,9,16,14,2,11
31797.0,15,13,9,16,14,2,11
31919.0,15,13,9,16,14,2,11
31919.0,15,13,9,16,14,2,11
32020,15,13,9,16,15,2,11
32020,15,13,9,16,15,2,11
32031,15,13,9,16,15,2,12
32031,15,13,9,16,15,2,12
32200,15,13,9,16,15,2,13
32200,15,13,9,16,15,2,13
32388,15,13,9,16,15,2,14
32388,15,13,9,16,15,2,14
32400,15,13,9,16,15,2,14
32529,15,13,9,16,15,3,14
32529,15,13,9,16,15,3,14
32637.0,15,13,9,16,15,3,14
32637.0,15,13,9,16,15,3,14
32696,15,13,9,17,15,3,14
32696,15,13,9,17,15,3,14
32699,15,13,9,17,16,3,14
32699,15,13,9,17,16,3,14
32786,15,13,9,18,16,3,14
32817.0,15,13,9,18,16,3,14
32817.0,15,13,9,18,16,3,14
32817.0,15,13,9,18,16,3,14
32896,15,13,9,18,17,3,14
32956,15,13,9,19,17,3,14
32987.0,15,13,9,19,17,3,14
32987.0,15,13,9,19,17,3,14
32987.0,15,13,9,19,17,3,14
33077,15,13,10,19,17,3,14
33077,15,13,10,19,17,3,14
33251.0,15,13,10,19,17,3,14
33251.0,15,13,10,19,17,3,14
33324,15,14,10,19,17,3,14
33324,15,14,10,19,17,3,14
33541,15,14,11,19,17,3,14
33541,15,14,11,19,17,3,14
33588,15,14,11,19,17,3,15
33662,15,15,11,19,17,3,15
33662,15,15,11,19,17,3,15
33742.0,15,15,11,19,17,3,15
33742.0,15,15,11,19,17,3,15
33742.0,15,15,11,19,17,3,15
33758.0,15,15,11,19,17,3,15
33758.0,15,15,11,19,17,3,15
33762,15,16,11,19,17,3,15
33762,15,16,11,19,17,3,15
33909.0,15,16,11,19,17,3,15
33909.0,15,16,11,19,17,3,15
33914.0,15,16,11,19,17,3,15
33914.0,15,16,11,19,17,3,15
33989,15,16,11,20,17,3,15
34169.0,15,16,11,20,17,3,15
34169.0,15,16,11,20,17,3,15
34169.0,15,16,11,20,17,3,15
34191,15,16,12,20,17,3,15
34191,15,16,12,20,17,3,15
34221,15,17,12,20,17,3,15
34221,15,17,12,20,17,3,15
34296,15,17,12,21,17,3,15
34323.0,15,17,12,21,17,3,15
34323.0,15,17,12,21,17,3,15
34323.0,15,17,12,21,17,3,15
34329.0,15,17,12,21,17,3,15
34329.0,15,17,12,21,17,3,15
34329.0,15,17,12,21,17,3,15
34370,15,17,12,22,17,3,15
34423,15,17,13,22,17,3,15
34423,15,17,13,22,17,3,15
34524.0,15,17,13,22,17,3,15
34524.0,15,17,13,22,17,3,15
34595,15,17,13,22,17,3,16
34634,15,17,14,22,17,3,16
34634,15,17,14,22,17,3,16
34647,15,17,14,22,17,3,16
34647,15,16,14,22,17,3,16
34762,15,16,14,23,17,3,16
34788.0,15,16,14,23,17,3,16
34788.0,15,16,14,23,17,3,16
34788.0,15,16,14,23,17,3,16
34829,16,16,14,23,17,3,16
34829,16,16,14,23,17,3,16
34833,16,17,14,23,17,3,16
34833,16,17,14,23,17,3,16
34874,16,17,14,23,17,3,16
34874,16,17,13,23,17,3,16
34885,17,17,13,23,17,3,16
34885,17,17,13,23,17,3,16
35069,17,17,13,24,17,3,16
35164,18,17,13,24,17,3,16
35164,18,17,13,24,17,3,16
35200.0,18,17,13,24,17,3,16
35200.0,18,17,13,24,17,3,16
35200.0,18,17,13,24,17,3,16
35210.0,18,17,13,24,17,3,16
35210.0,18,17,13,24,17,3,16
35210.0,18,17,13,24,17,3,16
35261,18,17,13,24,17,3,16
35261,18,16,13,24,17,3,16
35305,18,16,13,24,18,3,16
35311,18,16,14,24,18,3,16
35311,18,16,14,24,18,3,16
35487,18,17,14,24,18,3,16
35487,18,17,14,24,18,3,16
35676,19,17,14,24,18,3,16
35676,19,17,14,24,18,3,16
35879,19,17,14,25,18,3,16
35915,19,17,15,25,18,3,16
35915,19,17,15,25,18,3,16
36000,19,17,15,25,18,3,16
36021.0,19,17,15,25,18,3,16
36021.0,19,17,15,25,18,3,16
36029.0,19,17,15,25,18,3,16
36029.0,19,17,15,25,18,3,16
36156,19,17,15,25,18,3,16
36156,18,17,15,25,18,3,16
36190,18,17,15,25,18,3,16
36190,18,17,15,25,17,3,16
36223.0,18,17,15,25,17,3,16
36223.0,18,17,15,25,17,3,16
36677.0,18,17,15,25,17,3,16
36677.0,18,17,15,25,17,3,16
36706,18,17,15,25,17,3,17
36972.0,18,17,15,25,17,3,17
36972.0,18,17,15,25,17,3,17
36972.0,18,17,15,25,17,3,17
37070.0,18,17,15,25,17,3,17
37070.0,18,17,15,25,17,3,17
37150,18,18,15,25,17,3,17
37150,18,18,15,25,17,3,17
37163,18,19,15,25,17,3,17
37163,18,19,15,25,17,3,17
37171,18,19,15,25,17,4,17
37341.0,18,19,15,25,17,4,17
37341.0,18,19,15,25,17,4,17
37404,18,19,15,25,17,4,17
37404,17,19,15,25,17,4,17
37506,17,19,15,25,18,4,17
37564,18,19,15,25,18,4,17
37564,18,19,15,25,18,4,17
37663,18,19,15,26,18,4,17
37782,18,19,15,26,19,4,17
37795,18,20,15,26,19,4,17
37795,18,20,15,26,19,4,17
37909,18,20,15,26,19,4,18
37923.0,18,20,15,26,19,4,18
37923.0,18,20,15,26,19,4,18
37923.0,18,20,15,26,19,4,18
37943,18,20,15,26,19,4,18
37943,18,20,15,26,19,4,17
37960,19,20,15,26,19,4,17
37960,19,20,15,26,19,4,17
37960.0,19,20,15,26,19,4,17
37960.0,19,20,15,26,19,4,17
37994,19,20,15,26,19,5,17
38086,20,20,15,26,19,5,17
38086,20,20,15,26,19,5,17
38139.0,20,20,15,26,19,5,17
38139.0,20,20,15,26,19,5,17
38139.0,20,20,15,26,19,5,17
38194,20,20,15,27,19,5,17
38200.0,20,20,15,27,19,5,17
38200.0,20,20,15,27,19,5,17
38200.0,20,20,15,27,19,5,17
38295,20,21,15,27,19,5,17
38295,20,21,15,27,19,5,17
38301,20,22,15,27,19,5,17
38301,20,22,15,27,19,5,17
38388.0,20,22,15,27,19,5,17
38388.0,20,22,15,27,19,5,17
38388.0,20,22,15,27,19,5,17
38462.0,20,22,15,27,19,5,17
38462.0,20,22,15,27,19,5,17
39135,20,22,15,27,20,5,17
39387,20,22,15,27,21,5,17
39414.0,20,22,15,27,21,5,17
39414.0,20,22,15,27,21,5,17
39446,21,22,15,27,21,5,17
39446,21,22,15,27,21,5,17
39475.0,21,22,15,27,21,5,17
39475.0,21,22,15,27,21,5,17
39475.0,21,22,15,27,21,5,17
39590,21,22,16,27,21,5,17
39590,21,22,16,27,21,5,17
39596,21,22,17,27,21,5,17
39596,21,22,17,27,21,5,17
39600,21,22,17,27,21,5,17
39664,21,22,17,27,21,5,17
39664,21,22,17,27,21,5,16
39692,21,22,17,28,21,5,16
39804,21,22,18,28,21,5,16
39804,21,22,18,28,21,5,16
40007,21,22,18,29,21,5,16
40126,21,22,18,30,21,5,16
40163,21,22,18,31,21,5,16
40176,21,22,18,32,21,5,16
40405,22,22,18,32,21,5,16
40408,22,22,18,32,21,5,16
40408,22,21,18,32,21,5,16
40454,23,21,18,32,21,5,16
40457,23,22,18,32,21,5,16
40598,23,22,19,32,21,5,16
40605.0,23,22,19,32,21,5,16
40605.0,23,22,19,32,21,5,16
40605.0,23,22,19,32,21,5,16
40763.0,23,22,19,32,21,5,16
40763.0,23,22,19,32,21,5,16
40763.0,23,22,19,32,21,5,16
40768,24,22,19,32,21,5,16
40885,24,22,19,32,21,6,16
40926,24,22,19,33,21,6,16
41014,24,23,19,33,21,6,16
41050,24,23,19,33,22,6,16
41073,24,23,19,33,22,7,16
41182,24,23,19,33,22,7,16
41182,24,23,19,33,22,7,15
41208,24,23,19,33,22,7,16
41496,24,23,19,33,22,7,16
41496,23,23,19,33,22,7,16
41608,23,23,20,33,22,7,16
41752.0,23,23,20,33,22,7,16
41752.0,23,23,20,33,22,7,16
41752.0,23,23,20,33,22,7,16
41759,23,23,20,34,22,7,16
41782,23,23,20,34,23,7,16
41911.0,23,23,20,34,23,7,16
41911.0,23,23,20,34,23,7,16
41911.0,23,23,20,34,23,7,16
41991.0,23,23,20,34,23,7,16
41991.0,23,23,20,34,23,7,16
41991.0,23,23,20,34,23,7,16
42010,23,23,20,35,23,7,16
42123.0,23,23,20,35,23,7,16
42123.0,23,23,20,35,23,7,16
42123.0,23,23,20,35,23,7,16
42123.0,23,23,20,35,23,7,16
42123.0,23,23,20,35,23,7,16
42123.0,23,23,20,35,23,7,16
42161,23,23,20,35,23,7,17
42235,23,24,20,35,23,7,17
42299.0,23,24,20,35,23,7,17
42299.0,23,24,20,35,23,7,17
42299.0,23,24,20,35,23,7,17
42410.0,23,24,20,35,23,7,17
42410.0,23,24,20,35,23,7,17
42410.0,23,24,20,35,23,7,17
42542,23,24,20,35,23,7,17
42542,23,24,20,35,22,7,17
42614,23,24,20,36,22,7,17
42615,23,24,20,36,23,7,17
42720.0,23,24,20,36,23,7,17
42720.0,23,24,20,36,23,7,17
42720.0,23,24,20,36,23,7,17
42762.0,23,24,20,36,23,7,17
42762.0,23,24,20,36,23,7,17
42762.0,23,24,20,36,23,7,17
42925,24,24,20,36,23,7,17
43075.0,24,24,20,36,23,7,17
43075.0,24,24,20,36,23,7,17
43075.0,24,24,20,36,23,7,17
43200,24,24,20,36,23,7,17
43300,24,24,20,36,24,7,17
43320.0,24,24,20,36,24,7,17
43320.0,24,24,20,36,24,7,17
43320.0,24,24,20,36,24,7,17
43339,24,24,20,37,24,7,17
43351,24,24,20,37,25,7,17
43429,25,24,20,37,25,7,17
43583,25,24,21,37,25,7,17
43628,25,25,21,37,25,7,17
43710.0,25,25,21,37,25,7,17
43710.0,25,25,21,37,25,7,17
43710.0,25,25,21,37,25,7,17
43763.0,25,25,21,37,25,7,17
43763.0,25,25,21,37,25,7,17
43763.0,25,25,21,37,25,7,17
43763.0,25,25,21,37,25,7,17
43763.0,25,25,21,37,25,7,17
43763.0,25,25,21,37,25,7,17
43833.0,25,25,21,37,25,7,17
43833.0,25,25,21,37,25,7,17
43833.0,25,25,21,37,25,7,17
43885.0,25,25,21,37,25,7,17
43885.0,25,25,21,37,25,7,17
43885.0,25,25,21,37,25,7,17
43887.0,25,25,21,37,25,7,17
43887.0,25,25,21,37,25,7,17
43887.0,25,25,21,37,25,7,17
43887.0,25,25,21,37,25,7,17
43887.0,25,25,21,37,25,7,17
44001,25,25,21,37,26,7,17
44192,25,25,21,37,26,7,18
44300,25,26,21,37,26,7,18
44300,25,26,21,37,26,7,18
44312,25,26,21,37,27,7,18
44315,25,26,22,37,27,7,18
44326,25,27,22,37,27,7,18
44357.0,25,27,22,37,27,7,18
44357.0,25,27,22,37,27,7,18
44357.0,25,27,22,37,27,7,18
44407,25,27,23,37,27,7,18
44442,25,27,23,37,27,7,19
44501,25,27,23,37,28,7,19
44542.0,25,27,23,37,28,7,19
44542.0,25,27,23,37,28,7,19
44542.0,25,27,23,37,28,7,19
44572,25,27,23,37,29,7,19
44604.0,25,27,23,37,29,7,19
44604.0,25,27,23,37,29,7,19
44604.0,25,27,23,37,29,7,19
44742,25,27,23,38,29,7,19
44798,25,27,23,38,29,7,20
44846,26,27,23,38,29,7,20
44993.0,26,27,23,38,29,7,20
44993.0,26,27,23,38,29,7,20
44993.0,26,27,23,38,29,7,20
45069,26,27,23,38,30,7,20
45254,26,27,23,38,30,7,21
45258.0,26,27,23,38,30,7,21
45258.0,26,27,23,38,30,7,21
45258.0,26,27,23,38,30,7,21
45266,26,27,23,38,31,7,21
45266,27,27,23,38,31,7,21
45299.0,27,27,23,38,31,7,21
45299.0,27,27,23,38,31,7,21
45299.0,27,27,23,38,31,7,21
45374.0,27,27,23,38,31,7,21
45374.0,27,27,23,38,31,7,21
45374.0,27,27,23,38,31,7,21
45511.0,27,27,23,38,31,7,21
45511.0,27,27,23,38,31,7,21
45511.0,27,27,23,38,31,7,21
45517,27,28,23,38,31,7,21
45562.0,27,28,23,38,31,7,21
45562.0,27,28,23,38,31,7,21
45562.0,27,28,23,38,31,7,21
45567,28,28,23,38,31,7,21
45658,28,28,23,38,32,7,21
45699,28,28,23,38,32,7,22
45964,28,28,23,39,32,7,22
46044,29,28,23,39,32,7,22
46070,29,28,23,39,32,7,23
46081,29,28,23,40,32,7,23
46113,29,28,23,40,33,7,23
46116,29,28,23,40,33,8,23
46451,29,28,23,40,33,8,24
46609.0,29,28,23,40,33,8,24
46609.0,29,28,23,40,33,8,24
46609.0,29,28,23,40,33,8,24
46770,29,29,23,40,33,8,24
46800,29,29,23,40,33,8,24
46812,29,29,24,40,33,8,24
46814,29,29,24,40,34,8,24
46956,29,29,24,41,34,8,24
47063,29,30,24,41,34,8,24
47099,29,30,24,41,35,8,24
47099,29,30,24,41,35,8,24
47099,29,30,24,40,35,8,24
47125,29,30,25,40,35,8,24
47182,29,30,26,40,35,8,24
47205.0,29,30,26,40,35,8,24
47205.0,29,30,26,40,35,8,24
47205.0,29,30,26,40,35,8,24
47275.0,29,30,26,40,35,8,24
47275.0,29,30,26,40,35,8,24
47275.0,29,30,26,40,35,8,24
47280,29,30,27,40,35,8,24
47315.0,29,30,27,40,35,8,24
47315.0,29,30,27,40,35,8,24
47315.0,29,30,27,40,35,8,24
47326,29,30,27,40,35,8,24
47326,28,30,27,40,35,8,24
47341.0,28,30,27,40,35,8,24
47341.0,28,30,27,40,35,8,24
47341.0,28,30,27,40,35,8,24
47357.0,28,30,27,40,35,8,24
47357.0,28,30,27,40,35,8,24
47357.0,28,30,27,40,35,8,24
47357.0,28,30,27,40,35,8,24
47357.0,28,30,27,40,35,8,24
47357.0,28,30,27,40,35,8,24
47363.0,28,30,27,40,35,8,24
47363.0,28,30,27,40,35,8,24
47363.0,28,30,27,40,35,8,24
47476,28,30,27,40,35,9,24
47492,29,30,27,40,35,9,24
47513,30,30,27,40,35,9,24
47607,30,30,27,40,36,9,24
47643,30,30,27,40,37,9,24
47711,30,30,27,41,37,9,24
47765,30,30,27,41,38,9,24
48041,30,30,27,42,38,9,24
48112,30,30,27,43,38,9,24
48114,30,30,27,43,38,10,24
48120.0,30,30,27,43,38,10,24
48120.0,30,30,27,43,38,10,24
48120.0,30,30,27,43,38,10,24
48165,30,30,27,44,38,10,24
48235,30,30,27,44,38,10,25
48264,31,30,27,44,38,10,25
48295,31,30,28,44,38,10,25
48374.0,31,30,28,44,38,10,25
48374.0,31,30,28,44,38,10,25
48374.0,31,30,28,44,38,10,25
48434.0,31,30,28,44,38,10,25
48434.0,31,30,28,44,38,10,25
48434.0,31,30,28,44,38,10,25
48504,32,30,28,44,38,10,25
48510.0,32,30,28,44,38,10,25
48510.0,32,30,28,44,38,10,25
48510.0,32,30,28,44,38,10,25
48540,32,30,28,44,38,11,25
48570,32,30,28,44,38,11,25
48570,32,30,27,44,38,11,25
48587,32,30,27,45,38,11,25
48587.0,32,30,27,45,38,11,25
48587.0,32,30,27,45,38,11,25
48587.0,32,30,27,45,38,11,25
48641,32,31,27,45,38,11,25
48729,32,31,27,45,38,11,26
48831.0,32,31,27,45,38,11,26
48831.0,32,31,27,45,38,11,26
48831.0,32,31,27,45,38,11,26
48915,33,31,27,45,38,11,26
48970,33,31,28,45,38,11,26
48978,34,31,28,45,38,11,26
48984,34,31,28,46,38,11,26
49034.0,34,31,28,46,38,11,26
49034.0,34,31,28,46,38,11,26
49034.0,34,31,28,46,38,11,26
49071,35,31,28,46,38,11,26
49115.0,35,31,28,46,38,11,26
49115.0,35,31,28,46,38,11,26
49115.0,35,31,28,46,38,11,26
49119,35,31,28,46,38,11,26
49119,35,31,28,45,38,11,26
49157,35,31,28,46,38,11,26
49169.0,35,31,28,46,38,11,26
49169.0,35,31,28,46,38,11,26
49169.0,35,31,28,46,38,11,26
49193.0,35,31,28,46,38,11,26
49193.0,35,31,28,46,38,11,26
49193.0,35,31,28,46,38,11,26
49194,35,31,28,46,38,11,27
49499.0,35,31,28,46,38,11,27
49499.0,35,31,28,46,38,11,27
49499.0,35,31,28,46,38,11,27
49625.0,35,31,28,46,38,11,27
49625.0,35,31,28,46,38,11,27
49625.0,35,31,28,46,38,11,27
49639,35,31,28,46,38,12,27
49665.0,35,31,28,46,38,12,27
49665.0,35,31,28,46,38,12,27
49665.0,35,31,28,46,38,12,27
49702,35,32,28,46,38,12,27
49708,35,32,28,46,39,12,27
49997,35,33,28,46,39,12,27
50138,35,33,28,46,39,13,27
50173,35,33,29,46,39,13,27
50177,35,33,29,46,39,13,27
50177,35,33,29,45,39,13,27
50265.0,35,33,29,45,39,13,27
50265.0,35,33,29,45,39,13,27
50265.0,35,33,29,45,39,13,27
50341,36,33,29,45,39,13,27
50356.0,36,33,29,45,39,13,27
50356.0,36,33,29,45,39,13,27
50356.0,36,33,29,45,39,13,27
50400,36,33,29,45,39,13,27
50447,36,33,30,45,39,13,27
50555,36,33,30,45,39,13,27
50555,36,32,30,45,39,13,27
50599,36,32,30,45,39,13,28
50746,36,32,31,45,39,13,28
50760.0,36,32,31,45,39,13,28
50760.0,36,32,31,45,39,13,28
50760.0,36,32,31,45,39,13,28
50805,36,32,31,45,39,13,28
50805,35,32,31,45,39,13,28
50817.0,35,32,31,45,39,13,28
50817.0,35,32,31,45,39,13,28
50817.0,35,32,31,45,39,13,28
50957,35,33,31,45,39,13,28
50963.0,35,33,31,45,39,13,28
50963.0,35,33,31,45,39,13,28
50963.0,35,33,31,45,39,13,28
50998,35,33,31,45,39,13,28
50998,35,32,31,45,39,13,28
51099.0,35,32,31,45,39,13,28
51099.0,35,32,31,45,39,13,28
51099.0,35,32,31,45,39,13,28
51129.0,35,32,31,45,39,13,28
51129.0,35,32,31,45,39,13,28
51129.0,35,32,31,45,39,13,28
51258.0,35,32,31,45,39,13,28
51258.0,35,32,31,45,39,13,28
51258.0,35,32,31,45,39,13,28
51339.0,35,32,31,45,39,13,28
51339.0,35,32,31,45,39,13,28
51339.0,35,32,31,45,39,13,28
51454,35,32,31,45,39,13,28
51454,35,31,31,45,39,13,28
51484.0,35,31,31,45,39,13,28
51484.0,35,31,31,45,39,13,28
51484.0,35,31,31,45,39,13,28
51515.0,35,31,31,45,39,13,28
51515.0,35,31,31,45,39,13,28
51515.0,35,31,31,45,39,13,28
51596.0,35,31,31,45,39,13,28
51596.0,35,31,31,45,39,13,28
51596.0,35,31,31,45,39,13,28
51641,35,31,31,45,40,13,28
51677,35,31,31,45,41,13,28
51699.0,35,31,31,45,41,13,28
51699.0,35,31,31,45,41,13,28
51699.0,35,31,31,45,41,13,28
51746.0,35,31,31,45,41,13,28
51746.0,35,31,31,45,41,13,28
51746.0,35,31,31,45,41,13,28
51771,35,31,31,45,42,13,28
51835,36,31,31,45,42,13,28
51972.0,36,31,31,45,42,13,28
51972.0,36,31,31,45,42,13,28
51972.0,36,31,31,45,42,13,28
51989,36,31,32,45,42,13,28
51991,36,32,32,45,42,13,28
52046.0,36,32,32,45,42,13,28
52046.0,36,32,32,45,42,13,28
52046.0,36,32,32,45,42,13,28
52132,36,33,32,45,42,13,28
52190.0,36,33,32,45,42,13,28
52190.0,36,33,32,45,42,13,28
52190.0,36,33,32,45,42,13,28
52318,36,33,32,45,42,13,29
52320,36,33,32,45,42,13,29
52320,36,33,32,45,42,13,28
52332,37,33,32,45,42,13,28
52380,37,33,32,45,42,13,28
52380,37,33,32,44,42,13,28
52561.0,37,33,32,44,42,13,28
52561.0,37,33,32,44,42,13,28
52561.0,37,33,32,44,42,13,28
52700.0,37,33,32,44,42,13,28
52700.0,37,33,32,44,42,13,28
52700.0,37,33,32,44,42,13,28
52744,37,33,32,44,42,13,29
52750,37,33,32,44,42,13,30
52787.0,37,33,32,44,42,13,30
52787.0,37,33,32,44,42,13,30
52787.0,37,33,32,44,42,13,30
52866,37,33,32,45,42,13,30
52956,37,33,32,45,43,13,30
52977,37,33,33,45,43,13,30
53071,38,33,33,45,43,13,30
53155,38,33,34,45,43,13,30
53319,38,33,34,45,44,13,30
53331,38,33,34,45,45,13,30
53400,38,34,34,45,45,13,30
53504,38,34,34,46,45,13,30
53563,38,34,34,46,45,13,30
53563,37,34,34,46,45,13,30
53635,37,34,34,46,45,14,30
53668,37,34,35,46,45,14,30
53686.0,37,34,35,46,45,14,30
53686.0,37,34,35,46,45,14,30
53686.0,37,34,35,46,45,14,30
53735,37,34,35,47,45,14,30
53758,37,34,36,47,45,14,30
53761.0,37,34,36,47,45,14,30
53761.0,37,34,36,47,45,14,30
53761.0,37,34,36,47,45,14,30
53774.0,37,34,36,47,45,14,30
53774.0,37,34,36,47,45,14,30
53774.0,37,34,36,47,45,14,30
53809.0,37,34,36,47,45,14,30
53809.0,37,34,36,47,45,14,30
53809.0,37,34,36,47,45,14,30
53838,38,34,36,47,45,14,30
53884.0,38,34,36,47,45,14,30
53884.0,38,34,36,47,45,14,30
53884.0,38,34,36,47,45,14,30
53900.0,38,34,36,47,45,14,30
53900.0,38,34,36,47,45,14,30
53900.0,38,34,36,47,45,14,30
53956.0,38,34,36,47,45,14,30
53956.0,38,34,36,47,45,14,30
53956.0,38,34,36,47,45,14,30
54000,38,34,36,47,45,14,30
54009,38,34,36,47,46,14,30
54085.0,38,34,36,47,46,14,30
54085.0,38,34,36,47,46,14,30
54085.0,38,34,36,47,46,14,30
54213,38,35,36,47,46,14,30
54276.0,38,35,36,47,46,14,30
54276.0,38,35,36,47,46,14,30
54276.0,38,35,36,47,46,14,30
54500.0,38,35,36,47,46,14,30
54500.0,38,35,36,47,46,14,30
54500.0,38,35,36,47,46,14,30
54515.0,38,35,36,47,46,14,30
54515.0,38,35,36,47,46,14,30
54515.0,38,35,36,47,46,14,30
54532,38,36,36,47,46,14,30
54541.0,38,36,36,47,46,14,30
54541.0,38,36,36,47,46,14,30
54541.0,38,36,36,47,46,14,30
54572,38,36,36,48,46,14,30
54588.0,38,36,36,48,46,14,30
54588.0,38,36,36,48,46,14,30
54588.0,38,36,36,48,46,14,30
54665,38,36,36,48,46,14,30
54665,38,36,36,47,46,14,30
54710,39,36,36,47,46,14,30
54741,39,36,36,47,46,15,30
54817,39,36,36,47,47,15,30
55005.0,39,36,36,47,47,15,30
55005.0,39,36,36,47,47,15,30
55005.0,39,36,36,47,47,15,30
55144,39,37,36,47,47,15,30
55458.0,39,37,36,47,47,15,30
55458.0,39,37,36,47,47,15,30
55458.0,39,37,36,47,47,15,30
55551,39,37,36,48,47,15,30
55552.0,39,37,36,48,47,15,30
55552.0,39,37,36,48,47,15,30
55552.0,39,37,36,48,47,15,30
55665.0,39,37,36,48,47,15,30
55665.0,39,37,36,48,47,15,30
55665.0,39,37,36,48,47,15,30
55672,39,37,36,48,48,15,30
55692,39,37,36,49,48,15,30
55753,39,38,36,49,48,15,30
55791.0,39,38,36,49,48,15,30
55791.0,39,38,36,49,48,15,30
55791.0,39,38,36,49,48,15,30
55803,39,39,36,49,48,15,30
55816,39,39,37,49,48,15,30
55939,39,39,37,49,48,15,30
55939,39,39,37,49,48,15,29
56011,39,39,37,49,48,15,29
56011,39,39,37,48,48,15,29
56043,40,39,37,48,48,15,29
56217.0,40,39,37,48,48,15,29
56217.0,40,39,37,48,48,15,29
56217.0,40,39,37,48,48,15,29
56284.0,40,39,37,48,48,15,29
56284.0,40,39,37,48,48,15,29
56284.0,40,39,37,48,48,15,29
56295.0,40,39,37,48,48,15,29
56295.0,40,39,37,48,48,15,29
56295.0,40,39,37,48,48,15,29
56321,40,40,37,48,48,15,29
56350.0,40,40,37,48,48,15,29
56350.0,40,40,37,48,48,15,29
56350.0,40,40,37,48,48,15,29
56523,40,40,38,48,48,15,29
56627,40,41,38,48,48,15,29
56700,40,41,39,48,48,15,29
56764.0,40,41,39,48,48,15,29
56764.0,40,41,39,48,48,15,29
56764.0,40,41,39,48,48,15,29
56765,40,41,39,48,48,16,29
56987,41,41,39,48,48,16,29
56995.0,41,41,39,48,48,16,29
56995.0,41,41,39,48,48,16,29
56995.0,41,41,39,48,48,16,29
56998,41,41,39,48,48,16,29
56998,40,41,39,48,48,16,29
57081,40,41,39,48,49,16,29
57085.0,40,41,39,48,49,16,29
57085.0,40,41,39,48,49,16,29
57085.0,40,41,39,48,49,16,29
57126,41,41,39,48,49,16,29
57133,41,41,39,48,50,16,29
57142.0,41,41,39,48,50,16,29
57142.0,41,41,39,48,50,16,29
57142.0,41,41,39,48,50,16,29
57162.0,41,41,39,48,50,16,29
57162.0,41,41,39,48,50,16,29
57162.0,41,41,39,48,50,16,29
57235,41,41,39,48,50,17,29
57242,41,41,40,48,50,17,29
57360.0,41,41,40,48,50,17,29
57360.0,41,41,40,48,50,17,29
57360.0,41,41,40,48,50,17,29
57362,41,41,40,48,50,18,29
57405.0,41,41,40,48,50,18,29
57405.0,41,41,40,48,50,18,29
57405.0,41,41,40,48,50,18,29
57424,41,41,41,48,50,18,29
57447.0,41,41,41,48,50,18,29
57447.0,41,41,41,48,50,18,29
57447.0,41,41,41,48,50,18,29
57463,41,41,41,49,50,18,29
57496,41,41,41,49,50,18,29
57496,41,40,41,49,50,18,29
57591.0,41,40,41,49,50,18,29
57591.0,41,40,41,49,50,18,29
57591.0,41,40,41,49,50,18,29
57600,41,40,41,49,50,18,29
57632,42,40,41,49,50,18,29
57648,42,41,41,49,50,18,29
57699.0,42,41,41,49,50,18,29
57699.0,42,41,41,49,50,18,29
57699.0,42,41,41,49,50,18,29
57742,42,41,42,49,50,18,29
57811,42,41,42,50,50,18,29
57831.0,42,41,42,50,50,18,29
57831.0,42,41,42,50,50,18,29
57831.0,42,41,42,50,50,18,29
57844,42,41,42,50,51,18,29
57884,42,41,42,50,51,19,29
57939.0,42,41,42,50,51,19,29
57939.0,42,41,42,50,51,19,29
57939.0,42,41,42,50,51,19,29
57943,42,41,42,51,51,19,29
57974.0,42,41,42,51,51,19,29
57974.0,42,41,42,51,51,19,29
57974.0,42,41,42,51,51,19,29
58083,42,41,42,51,51,19,29
58083,42,40,42,51,51,19,29
58150,42,41,42,51,51,19,29
58199,42,42,42,51,51,19,29
58228,42,42,42,51,52,19,29
58326,42,42,42,51,52,20,29
58367,42,42,42,52,52,20,29
58405,42,42,42,53,52,20,29
58424,42,42,42,53,52,21,29
58428,42,42,42,53,52,21,29
58428,42,42,41,53,52,21,29
58458.0,42,42,41,53,52,21,29
58458.0,42,42,41,53,52,21,29
58458.0,42,42,41,53,52,21,29
58520,42,42,41,54,52,21,29
58575,42,42,41,55,52,21,29
58581,42,42,41,55,52,21,30
58600.0,42,42,41,55,52,21,30
58600.0,42,42,41,55,52,21,30
58600.0,42,42,41,55,52,21,30
58627,42,42,41,55,52,21,30
58627,42,42,41,55,52,21,29
58649,43,42,41,55,52,21,29
58716,43,42,42,55,52,21,29
58729,43,42,42,56,52,21,29
58899.0,43,42,42,56,52,21,29
58899.0,43,42,42,56,52,21,29
58899.0,43,42,42,56,52,21,29
58923.0,43,42,42,56,52,21,29
58923.0,43,42,42,56,52,21,29
58923.0,43,42,42,56,52,21,29
58935,43,42,42,57,52,21,29
58954,43,42,42,57,52,21,29
58954,43,42,41,57,52,21,29
58962,43,42,41,57,52,22,29
58962.0,43,42,41,57,52,22,29
58962.0,43,42,41,57,52,22,29
58962.0,43,42,41,57,52,22,29
58992,43,42,41,57,53,22,29
58995,43,42,41,58,53,22,29
59119,43,42,41,59,53,22,29
59134,44,42,41,59,53,22,29
59140,44,42,42,59,53,22,29
59186,44,42,42,59,53,22,29
59186,43,42,42,59,53,22,29
59248.0,43,42,42,59,53,22,29
59248.0,43,42,42,59,53,22,29
59248.0,43,42,42,59,53,22,29
59274,43,42,42,59,54,22,29
59301,44,42,42,59,54,22,29
59393.0,44,42,42,59,54,22,29
59393.0,44,42,42,59,54,22,29
59393.0,44,42,42,59,54,22,29
59398,44,42,42,59,55,22,29
59408,44,42,42,59,56,22,29
59468,44,42,42,59,56,22,30
59536,45,42,42,59,56,22,30
59590,46,42,42,59,56,22,30
59629,46,42,42,59,56,22,31
59645,46,43,42,59,56,22,31
59668,47,43,42,59,56,22,31
59726,47,44,42,59,56,22,31
59764.0,47,44,42,59,56,22,31
59764.0,47,44,42,59,56,22,31
59764.0,47,44,42,59,56,22,31
59805,47,45,42,59,56,22,31
59814,47,45,42,59,57,22,31
59834.0,47,45,42,59,57,22,31
59834.0,47,45,42,59,57,22,31
59834.0,47,45,42,59,57,22,31
59859,47,45,43,59,57,22,31
59884.0,47,45,43,59,57,22,31
59884.0,47,45,43,59,57,22,31
59884.0,47,45,43,59,57,22,31
59949,47,45,43,59,58,22,31
60238,47,46,43,59,58,22,31
60320,47,46,43,60,58,22,31
60364.0,47,46,43,60,58,22,31
60364.0,47,46,43,60,58,22,31
60364.0,47,46,43,60,58,22,31
60422,48,46,43,60,58,22,31
60433,48,46,44,60,58,22,31
60442,48,46,44,60,59,22,31
60443,48,46,44,60,59,22,31
60443,47,46,44,60,59,22,31
60479,47,46,44,60,59,22,32
60497,47,46,44,60,59,22,32
60497,47,46,44,59,59,22,32
60510.0,47,46,44,59,59,22,32
60510.0,47,46,44,59,59,22,32
60510.0,47,46,44,59,59,22,32
60550,47,46,44,60,59,22,32
60554,47,46,44,61,59,22,32
60556.0,47,46,44,61,59,22,32
60556.0,47,46,44,61,59,22,32
60556.0,47,46,44,61,59,22,32
60580,47,46,44,61,59,23,32
60716,47,46,44,62,59,23,32
60830,47,46,44,62,59,23,33
60886.0,47,46,44,62,59,23,33
60886.0,47,46,44,62,59,23,33
60886.0,47,46,44,62,59,23,33
60972.0,47,46,44,62,59,23,33
60972.0,47,46,44,62,59,23,33
60972.0,47,46,44,62,59,23,33
61034,47,47,44,62,59,23,33
61113,47,47,44,62,59,24,33
61123,47,47,44,62,60,24,33
61200,47,47,44,62,60,24,33
61240,47,47,44,63,60,24,33
61306,47,47,44,64,60,24,33
61313,48,47,44,64,60,24,33
61404.0,48,47,44,64,60,24,33
61404.0,48,47,44,64,60,24,33
61404.0,48,47,44,64,60,24,33
61490,48,47,44,64,60,25,33
61539,48,48,44,64,60,25,33
61687,48,49,44,64,60,25,33
61693,48,49,44,64,60,25,33
61693,48,50,44,64,60,25,33
61790.0,48,50,44,64,60,25,33
61790.0,48,50,44,64,60,25,33
61790.0,48,50,44,64,60,25,33
61791.0,48,50,44,64,60,25,33
61791.0,48,50,44,64,60,25,33
61791.0,48,50,44,64,60,25,33
61829,48,50,44,64,60,25,33
61829,48,50,45,64,60,25,33
61864,48,50,45,64,60,25,33
61864,48,50,45,64,60,25,34
61881,48,51,45,64,60,25,34
61912,48,51,45,64,60,25,34
61912,49,51,45,64,60,25,34
62009,49,51,45,64,60,25,35
62030,49,51,45,65,60,25,35
62049,49,51,45,65,60,25,35
62049,49,51,45,65,60,24,35
62092,49,51,45,65,60,25,35
62101,49,51,46,65,60,25,35
62200.0,49,51,46,65,60,25,35
62200.0,49,51,46,65,60,25,35
62200.0,49,51,46,65,60,25,35
62247.0,49,51,46,65,60,25,35
62247.0,49,51,46,65,60,25,35
62247.0,49,51,46,65,60,25,35
62304,49,52,46,65,60,25,35
62333,49,53,46,65,60,25,35
62340,49,53,46,65,60,25,35
62340,49,53,46,65,59,25,35
62379,49,53,46,65,59,25,36
62391,49,53,47,65,59,25,36
62397.0,49,53,47,65,59,25,36
62397.0,49,53,47,65,59,25,36
62397.0,49,53,47,65,59,25,36
62411,49,53,47,65,59,25,36
62411,49,52,47,65,59,25,36
62422,49,52,47,65,60,25,36
62423,49,52,47,66,60,25,36
62522,49,52,48,66,60,25,36
62523,49,52,48,67,60,25,36
62542,49,52,48,67,60,25,36
62542,49,52,48,66,60,25,36
62582,49,52,48,66,60,25,36
62582,49,52,47,66,60,25,36
62587,49,52,47,66,60,26,36
62624,49,52,47,66,60,26,37
62636,49,52,47,67,60,26,37
62682.0,49,52,47,67,60,26,37
62682.0,49,52,47,67,60,26,37
62682.0,49,52,47,67,60,26,37
62712,49,53,47,67,60,26,37
62738,49,53,47,68,60,26,37
62767,49,53,47,68,60,27,37
62769,50,53,47,68,60,27,37
62778,50,54,47,68,60,27,37
62817,50,54,47,68,60,28,37
62855,50,55,47,68,60,28,37
62872,51,55,47,68,60,28,37
62886,51,55,47,69,60,28,37
62915.0,51,55,47,69,60,28,37
62915.0,51,55,47,69,60,28,37
62915.0,51,55,47,69,60,28,37
62925,52,55,47,69,60,28,37
62953,53,55,47,69,60,28,37
62969.0,53,55,47,69,60,28,37
62969.0,53,55,47,69,60,28,37
62969.0,53,55,47,69,60,28,37
63035,54,55,47,69,60,28,37
63115,55,55,47,69,60,28,37
63120.0,55,55,47,69,60,28,37
63120.0,55,55,47,69,60,28,37
63120.0,55,55,47,69,60,28,37
63226,55,55,48,69,60,28,37
63239,55,55,49,69,60,28,37
63266,55,55,49,69,60,28,37
63266,55,55,49,69,59,28,37
63282,55,55,49,69,59,28,37
63282,55,55,49,69,59,28,36
63286.0,55,55,49,69,59,28,36
63286.0,55,55,49,69,59,28,36
63286.0,55,55,49,69,59,28,36
63286.0,55,55,49,69,59,28,36
63286.0,55,55,49,69,59,28,36
63286.0,55,55,49,69,59,28,36
63296,55,55,49,69,59,28,36
63296,55,55,49,69,58,28,36
63306,55,55,49,69,59,28,36
63329,55,55,50,69,59,28,36
63357,55,56,50,69,59,28,36
63380,55,56,50,69,59,29,36
63391,55,56,51,69,59,29,36
63406,55,56,51,69,59,30,36
63446.0,55,56,51,69,59,30,36
63446.0,55,56,51,69,59,30,36
63446.0,55,56,51,69,59,30,36
63458,55,57,51,69,59,30,36
63460,56,57,51,69,59,30,36
63475.0,56,57,51,69,59,30,36
63475.0,56,57,51,69,59,30,36
63475.0,56,57,51,69,59,30,36
63500,56,57,51,69,60,30,36
63565,56,57,51,69,60,31,36
63591.0,56,57,51,69,60,31,36
63591.0,56,57,51,69,60,31,36
63591.0,56,57,51,69,60,31,36
63633.0,56,57,51,69,60,31,36
63633.0,56,57,51,69,60,31,36
63633.0,56,57,51,69,60,31,36
63633.0,56,57,51,69,60,31,36
63633.0,56,57,51,69,60,31,36
63633.0,56,57,51,69,60,31,36
63694,56,57,51,69,60,32,36
63720,57,57,51,69,60,32,36
63787,57,57,51,69,60,33,36
63804.0,57,57,51,69,60,33,36
63804.0,57,57,51,69,60,33,36
63804.0,57,57,51,69,60,33,36
63862,57,57,51,69,60,33,36
63862,57,58,51,69,60,33,36
63906,57,58,51,69,60,34,36
63971,57,58,51,70,60,34,36
63994,58,58,51,70,60,34,36
64005.0,58,58,51,70,60,34,36
64005.0,58,58,51,70,60,34,36
64005.0,58,58,51,70,60,34,36
64097,59,58,51,70,60,34,36
64111.0,59,58,51,70,60,34,36
64111.0,59,58,51,70,60,34,36
64111.0,59,58,51,70,60,34,36
64127,60,58,51,70,60,34,36
64193,60,58,51,70,60,34,36
64193,60,58,51,70,60,34,36
64193,60,58,51,70,60,34,36
64195,60,58,51,70,60,34,36
64195,60,58,51,70,60,34,36
64195,60,58,51,70,60,34,37
64196.0,60,58,51,70,60,34,37
64196.0,60,58,51,70,60,34,37
64196.0,60,58,51,70,60,34,37
64272,60,58,52,70,60,34,37
64318,60,58,53,70,60,34,37
64333,60,58,53,70,60,35,37
64420.0,60,58,53,70,60,35,37
64420.0,60,58,53,70,60,35,37
64420.0,60,58,53,70,60,35,37
64476,60,58,53,70,60,35,37
64476,60,58,54,70,60,35,37
64477,60,58,54,70,60,35,37
64477,60,58,54,70,60,36,37
64489,60,58,54,70,60,36,38
64518,60,58,54,70,60,36,38
64518,60,58,54,70,60,36,38
64518,60,59,54,70,60,36,38
64522,60,59,54,70,60,36,39
64552.0,60,59,54,70,60,36,39
64552.0,60,59,54,70,60,36,39
64552.0,60,59,54,70,60,36,39
64561,60,59,54,70,60,36,39
64561,60,59,54,70,60,36,39
64561,60,59,54,70,60,36,40
64568,60,59,55,70,60,36,40
64597,60,59,55,70,60,36,41
64672,60,59,55,70,60,36,41
64672,60,59,55,70,60,36,41
64672,60,59,56,70,60,36,41
64677,60,59,56,70,60,36,41
64677,60,59,56,70,60,36,41
64677,60,59,56,70,60,36,42
64682,60,59,56,70,60,36,43
64684.0,60,59,56,70,60,36,43
64684.0,60,59,56,70,60,36,43
64684.0,60,59,56,70,60,36,43
64745,60,59,57,70,60,36,43
64795,60,60,57,70,60,36,43
64800,60,60,57,70,60,36,43
64836,60,60,57,70,60,36,43
64836,60,60,57,70,60,36,43
64836,60,60,57,70,60,36,43
64847,60,60,57,70,60,36,43
64847,60,60,57,70,60,36,43
64847,60,61,57,70,60,36,43
64899.0,60,61,57,70,60,36,43
64899.0,60,61,57,70,60,36,43
64899.0,60,61,57,70,60,36,43
64918,60,61,57,70,60,37,43
64927,60,62,57,70,60,37,43
64987,60,62,57,70,60,37,43
64987,60,62,57,70,60,37,44
65025,60,62,57,70,60,38,44
65025,60,62,57,70,60,38,44
65025,60,63,57,70,60,38,44
65052,60,63,57,70,60,38,44
65052,60,63,58,70,60,38,44
65082.0,60,63,58,70,60,38,44
65082.0,60,63,58,70,60,38,44
65082.0,60,63,58,70,60,38,44
65087,60,63,59,70,60,38,44
65145,60,63,59,70,60,38,44
65145,60,64,59,70,60,38,44
65152,60,64,60,70,60,38,44
65174.0,60,64,60,70,60,38,44
65174.0,60,64,60,70,60,38,44
65174.0,60,64,60,70,60,38,44
65256,60,64,60,70,60,38,44
65256,60,65,60,70,60,38,44
65260,60,65,60,70,60,38,45
65270,60,66,60,70,60,38,45
65310,60,66,60,70,60,38,45
65310,60,67,60,70,60,38,45
65312,60,67,60,70,60,38,45
65312,60,67,60,70,60,39,45
65353,60,67,60,70,60,39,45
65353,60,67,60,70,60,39,45
65353,60,67,60,70,60,39,45
65374,60,67,60,70,60,39,45
65374,60,67,60,70,60,39,45
65374,60,68,60,70,60,39,45
65385,60,68,60,70,60,39,45
65385,60,68,60,70,60,39,45
65385,60,69,60,70,60,39,45
65417,60,69,60,70,60,39,45
65417,60,69,60,70,60,39,45
65417,60,69,60,70,60,39,45
65463,60,69,60,70,60,39,45
65463,60,69,60,70,60,39,45
65463,60,69,60,70,60,39,46
65487,60,69,60,70,60,39,46
65487,60,69,60,70,60,40,46
65520.0,60,69,60,70,60,40,46
65520.0,60,69,60,70,60,40,46
65520.0,60,69,60,70,60,40,46
65625,60,70,60,70,60,40,46
65791,60,70,60,70,60,40,47
65884,60,70,60,70,60,41,47
65919,60,70,60,70,60,41,47
65919,60,70,60,70,60,42,47
65945,60,70,60,70,60,43,47
66051,60,70,60,70,60,43,47
66051,60,70,60,70,60,43,48
66086,60,70,60,70,60,43,49
66094,60,70,60,70,60,43,49
66094,60,71,60,70,60,43,49
66099,60,71,60,70,60,43,49
66099,60,71,60,70,60,43,49
66099,60,71,60,70,60,43,49
66099.0,60,71,60,70,60,43,49
66099.0,60,71,60,70,60,43,49
66099.0,60,71,60,70,60,43,49
66131,60,71,60,70,60,43,49
66131,60,71,60,70,60,44,49
66131,60,71,60,70,60,44,49
66131,60,71,60,70,60,43,49
66137,60,71,60,70,60,43,49
66137,60,71,60,70,60,43,50
66223,60,71,60,70,60,43,50
66223,60,71,60,70,60,43,50
66223,60,71,60,70,60,44,50
66272,60,71,60,70,60,45,50
66330,60,71,60,70,60,45,50
66330,60,72,60,70,60,45,50
66332,60,72,60,70,60,45,50
66332,60,72,60,70,60,45,50
66332,60,72,60,70,60,46,50
66356,60,72,60,70,60,46,50
66356,60,72,60,70,60,46,50
66356,60,72,60,70,60,46,50
66365,60,72,60,70,60,46,50
66365,60,72,60,70,60,46,50
66365,60,72,60,70,60,46,50
66470,60,72,60,70,60,46,50
66470,60,73,60,70,60,46,50
66515.0,60,73,60,70,60,46,50
66515.0,60,73,60,70,60,46,50
66515.0,60,73,60,70,60,46,50
66541.0,60,73,60,70,60,46,50
66541.0,60,73,60,70,60,46,50
66541.0,60,73,60,70,60,46,50
66577,60,73,60,70,60,46,50
66577,60,73,60,70,60,46,50
66577,60,73,60,70,60,46,50
66587.0,60,73,60,70,60,46,50
66587.0,60,73,60,70,60,46,50
66587.0,60,73,60,70,60,46,50
66595,60,73,60,70,60,46,50
66595,60,73,60,70,60,46,50
66595,60,73,60,70,60,46,50
66596,60,73,60,70,60,46,50
66596,60,73,60,70,60,46,50
66596,60,73,60,70,60,46,50
66597.0,60,73,60,70,60,46,50
66597.0,60,73,60,70,60,46,50
66597.0,60,73,60,70,60,46,50
66601,60,73,60,70,60,46,50
66601,60,73,60,70,59,46,50
66622,60,73,60,70,60,46,50
66656,60,73,60,70,60,46,50
66656,60,73,60,70,60,46,50
66656,60,73,60,70,60,47,50
66694,60,73,60,70,60,47,50
66694,60,73,60,70,60,48,50
66712,60,73,60,70,60,49,50
66744,60,73,60,70,60,49,50
66744,60,74,60,70,60,49,50
66762.0,60,74,60,70,60,49,50
66762.0,60,74,60,70,60,49,50
66762.0,60,74,60,70,60,49,50
66795,60,74,60,70,60,49,50
66795,60,74,60,70,60,49,50
66795,60,74,60,70,60,49,50
66850,60,74,60,70,60,49,50
66850,60,74,60,70,60,49,50
66850,60,74,60,70,60,49,50
66853,60,74,60,70,60,49,50
66853,60,74,60,70,60,49,50
66853,60,75,60,70,60,49,50
66865,60,75,60,70,60,49,50
66865,60,75,60,70,60,50,50
66881,60,75,60,70,60,50,50
66881,60,75,60,70,60,50,50
66881,60,76,60,70,60,50,50
66895,60,76,60,70,60,50,50
66895,60,76,60,70,60,50,50
66895,60,76,60,70,60,51,50
66911,60,77,60,70,60,51,50
66947,60,77,60,70,60,51,50
66947,60,78,60,70,60,51,50
66998,60,78,60,70,60,52,50
67082,60,78,60,70,60,52,50
67082,60,78,59,70,60,52,50
67085,60,78,60,70,60,52,50
67085,60,78,60,70,60,52,50
67085,60,78,60,70,60,52,50
67085,60,78,60,70,60,52,50
67126,60,79,60,70,60,52,50
67138,60,79,60,70,60,52,50
67138,60,79,60,70,60,52,50
67138,60,79,60,70,60,52,50
67157.0,60,79,60,70,60,52,50
67157.0,60,79,60,70,60,52,50
67157.0,60,79,60,70,60,52,50
67209,60,79,60,70,60,52,50
67209,60,79,60,69,60,52,50
67217,60,79,60,69,60,53,50
67234,60,79,60,69,60,53,50
67234,60,79,60,69,60,54,50
67296,60,79,60,70,60,54,50
67306,60,79,60,70,60,54,50
67306,60,80,60,70,60,54,50
67347,60,80,60,70,60,54,50
67347,60,80,60,70,60,54,50
67347,60,80,60,70,60,54,50
67374,60,80,60,70,60,55,50
67430,60,80,60,70,60,55,50
67430,60,80,60,70,60,55,50
67430,60,80,60,70,60,55,50
67441,60,80,60,70,60,55,50
67441,60,80,60,70,60,55,50
67441,60,80,60,70,60,55,50
67460,60,80,60,70,60,55,50
67460,60,80,60,70,60,55,50
67460,60,80,60,70,60,55,50
67480,60,80,60,70,60,55,50
67480,60,80,60,70,60,56,50
67488,60,80,60,70,60,56,50
67488,60,80,60,70,60,56,50
67488,60,80,60,70,60,56,50
67514,60,80,60,70,60,56,50
67514,60,80,60,70,60,56,50
67514,60,80,60,70,60,56,50
67588,60,80,60,70,60,57,50
67615,60,80,60,70,60,57,50
67615,60,80,60,70,60,57,50
67615,60,80,60,70,60,57,50
67637,60,80,60,70,60,57,50
67637,60,80,60,70,60,57,50
67637,60,80,60,70,60,57,50
67700,60,80,60,70,60,57,50
67700,60,80,60,70,60,58,50
67707,60,80,60,70,60,58,50
67707,60,80,60,70,60,59,50
67756,60,80,60,70,60,59,50
67756,60,80,60,70,60,59,50
67756,60,80,60,70,60,60,50
67758,60,80,60,70,60,60,50
67758,60,80,60,70,60,60,50
67758,60,80,60,70,60,60,50
67795.0,60,80,60,70,60,60,50
67795.0,60,80,60,70,60,60,50
67795.0,60,80,60,70,60,60,50
67815,60,80,60,70,60,60,50
67815,60,80,60,70,60,60,50
67815,60,80,60,70,60,60,50
67817,60,80,60,70,60,60,50
67817,60,80,60,70,60,60,50
67817,60,80,60,70,60,60,50
67847,60,80,60,70,60,60,50
67847,60,80,60,70,60,60,50
67847,60,80,60,70,60,60,50
67919,60,80,60,70,60,60,50
67919,59,80,60,70,60,60,50
67923.0,59,80,60,70,60,60,50
67923.0,59,80,60,70,60,60,50
67923.0,59,80,60,70,60,60,50
67924,59,80,60,70,60,60,50
67924,59,80,60,70,60,60,50
67924,59,80,60,70,60,60,50
67946.0,59,80,60,70,60,60,50
67946.0,59,80,60,70,60,60,50
67946.0,59,80,60,70,60,60,50
67998,59,80,60,70,60,60,50
67998,59,80,60,70,60,60,50
67998,59,80,60,70,60,60,50
68028,59,80,60,70,60,60,50
68028,59,80,60,70,60,60,50
68028,59,80,60,70,60,60,50
68050,59,80,60,70,60,60,50
68050,59,80,60,70,60,60,50
68050,59,80,60,70,60,60,50
68152,59,80,60,70,60,60,50
68152,59,80,60,70,60,60,50
68152,59,80,60,70,60,60,50
68209.0,59,80,60,70,60,60,50
68209.0,59,80,60,70,60,60,50
68209.0,59,80,60,70,60,60,50
68232,59,80,60,70,60,60,50
68232,59,80,60,70,60,60,50
68232,59,80,60,70,60,60,50
68266,59,80,60,70,60,60,50
68266,59,80,60,70,60,60,50
68266,59,80,60,70,60,60,50
68275.0,59,80,60,70,60,60,50
68275.0,59,80,60,70,60,60,50
68275.0,59,80,60,70,60,60,50
68285,59,80,60,70,60,60,50
68285,59,80,60,70,60,60,50
68285,59,80,60,70,60,60,50
68342,59,80,60,70,60,60,50
68342,60,80,60,70,60,60,50
68378,60,80,60,70,60,60,50
68378,60,80,60,70,60,60,50
68378,60,80,60,70,60,60,50
68391.0,60,80,60,70,60,60,50
68391.0,60,80,60,70,60,60,50
68391.0,60,80,60,70,60,60,50
68400,60,80,60,70,60,60,50
68521,60,80,60,70,60,60,50
68521,60,80,60,70,60,60,50
68521,60,80,60,70,60,60,50
68529.0,60,80,60,70,60,60,50
68529.0,60,80,60,70,60,60,50
68529.0,60,80,60,70,60,60,50
68546.0,60,80,60,70,60,60,50
68546.0,60,80,60,70,60,60,50
68546.0,60,80,60,70,60,60,50
68567,60,80,60,70,60,60,50
68567,60,80,60,70,60,60,50
68567,60,80,60,70,60,60,50
68590,60,80,60,70,60,60,50
68590,60,80,60,70,60,60,50
68590,60,80,60,70,60,60,50
68600,60,80,60,70,60,60,50
68600,60,80,60,70,60,60,50
68600,60,80,60,70,60,60,50
68624,60,80,60,70,60,60,50
68624,60,80,60,70,60,60,50
68624,60,80,60,70,60,60,50
68632,60,80,60,70,60,60,50
68632,59,80,60,70,60,60,50
68653,59,80,60,70,60,60,50
68653,60,80,60,70,60,60,50
68666,60,80,60,70,60,60,50
68666,60,79,60,70,60,60,50
68756,60,79,60,70,60,60,50
68756,60,79,60,70,60,60,50
68756,60,79,60,70,60,60,50
68846,60,79,60,70,60,60,50
68846,60,79,60,70,60,60,50
68846,60,79,60,70,60,60,50
68896,60,79,60,70,60,60,50
68896,60,79,60,70,60,60,50
68896,60,79,60,70,60,60,50
68901.0,60,79,60,70,60,60,50
68901.0,60,79,60,70,60,60,50
68901.0,60,79,60,70,60,60,50
68910,60,79,60,70,60,60,50
68910,60,79,60,70,60,60,50
68910,60,80,60,70,60,60,50
68910.0,60,80,60,70,60,60,50
68910.0,60,80,60,70,60,60,50
68910.0,60,80,60,70,60,60,50
68921,60,80,60,70,60,60,50
68921,60,80,60,70,60,60,50
68921,60,80,60,70,60,60,50
68941,60,80,60,70,60,60,50
68941,60,80,60,70,60,60,50
68941,60,80,60,70,60,60,50
69033.0,60,80,60,70,60,60,50
69033.0,60,80,60,70,60,60,50
69033.0,60,80,60,70,60,60,50
69088,60,80,60,70,60,60,50
69088,60,80,60,70,60,60,50
69088,60,80,60,70,60,60,50
69099.0,60,80,60,70,60,60,50
69099.0,60,80,60,70,60,60,50
69099.0,60,80,60,70,60,60,50
69099.0,60,80,60,70,60,60,50
69099.0,60,80,60,70,60,60,50
69099.0,60,80,60,70,60,60,50
69204,60,80,60,70,60,60,50
69204,60,80,60,70,60,60,50
69204,60,80,60,70,60,60,50
69230,60,80,60,70,60,60,50
69230,60,80,60,70,60,60,50
69230,60,80,60,70,60,60,50
69272,60,80,60,70,60,60,50
69272,60,80,60,70,60,60,50
69272,60,80,60,70,60,60,50
69333,60,80,60,70,60,60,50
69333,60,80,60,70,60,60,50
69333,60,80,60,70,60,60,50
69405.0,60,80,60,70,60,60,50
69405.0,60,80,60,70,60,60,50
69405.0,60,80,60,70,60,60,50
69484.0,60,80,60,70,60,60,50
69484.0,60,80,60,70,60,60,50
69484.0,60,80,60,70,60,60,50
69487,60,80,60,70,60,60,50
69487,60,80,60,70,60,60,50
69487,60,80,60,70,60,60,50
69542,60,80,60,70,60,60,50
69542,60,80,60,70,60,60,50
69542,60,80,60,70,60,60,50
69557.0,60,80,60,70,60,60,50
69557.0,60,80,60,70,60,60,50
69557.0,60,80,60,70,60,60,50
69562,60,80,60,70,60,60,50
69562,60,80,60,70,60,60,50
69562,60,80,60,70,60,60,50
69633,60,80,60,70,60,60,50
69633,60,80,60,70,60,60,50
69633,60,80,60,70,60,60,50
69663,60,80,60,70,60,60,50
69663,60,80,60,70,60,60,50
69663,60,80,60,70,60,60,50
69747,60,80,60,70,60,60,50
69747,60,80,60,70,60,60,50
69747,60,80,60,70,60,60,50
69759,60,80,60,70,60,60,50
69759,60,80,60,70,60,60,50
69759,60,80,60,70,60,60,50
69820.0,60,80,60,70,60,60,50
69820.0,60,80,60,70,60,60,50
69820.0,60,80,60,70,60,60,50
69863,60,80,60,70,60,60,50
69863,60,80,60,70,60,60,50
69863,60,80,60,70,60,60,50
69864,60,80,60,70,60,60,50
69864,60,80,60,70,60,60,50
69864,60,80,60,70,60,60,50
69876.0,60,80,60,70,60,60,50
69876.0,60,80,60,70,60,60,50
69876.0,60,80,60,70,60,60,50
69896.0,60,80,60,70,60,60,50
69896.0,60,80,60,70,60,60,50
69896.0,60,80,60,70,60,60,50
69989,60,80,60,70,60,60,50
69989,60,80,60,70,60,60,50
69989,60,80,60,70,60,60,50
70015,60,80,60,70,60,60,50
70015,60,80,60,70,60,60,50
70015,60,80,60,70,60,60,50
70046.0,60,80,60,70,60,60,50
70046.0,60,80,60,70,60,60,50
70046.0,60,80,60,70,60,60,50
70087,60,80,60,70,60,60,50
70087,60,80,60,70,60,60,50
70087,60,80,60,70,60,60,50
70092,60,80,60,70,60,60,50
70092,60,80,60,70,60,60,50
70092,60,80,60,70,60,60,50
70111.0,60,80,60,70,60,60,50
70111.0,60,80,60,70,60,60,50
70111.0,60,80,60,70,60,60,50
70163.0,60,80,60,70,60,60,50
70163.0,60,80,60,70,60,60,50
70163.0,60,80,60,70,60,60,50
70285.0,60,80,60,70,60,60,50
70285.0,60,80,60,70,60,60,50
70285.0,60,80,60,70,60,60,50
70291,60,80,60,70,60,60,50
70291,60,80,60,70,60,60,50
70291,60,80,60,70,60,60,50
70309,60,80,60,70,60,60,50
70309,60,80,60,70,60,60,50
70309,60,80,60,70,60,60,50
70358,60,80,60,70,60,60,50
70358,60,80,60,70,60,60,50
70358,60,80,60,70,60,60,50
70396,60,80,60,70,60,60,50
70396,60,80,60,70,60,60,50
70396,60,80,60,70,60,60,50
70434,60,80,60,70,60,60,50
70434,60,80,60,70,60,60,50
70434,60,80,60,70,60,60,50
70491,60,80,60,70,60,60,50
70491,60,80,60,70,60,60,50
70491,60,80,60,70,60,60,50
70499,60,80,60,70,60,60,50
70499,60,80,60,70,60,60,50
70499,60,80,60,70,60,60,50
70528,60,80,60,70,60,60,50
70528,60,80,60,70,60,60,50
70528,60,80,60,70,60,60,50
70559,60,80,60,70,60,60,50
70559,60,80,60,70,60,60,50
70559,60,80,60,70,60,60,50
70573,60,80,60,70,60,60,50
70573,60,80,60,70,60,60,50
70573,60,80,60,70,60,60,50
70609,60,80,60,70,60,60,50
70609,60,80,60,70,60,60,50
70609,60,80,60,70,60,60,50
70649,60,80,60,70,60,60,50
70649,60,80,60,70,60,60,50
70649,60,80,60,70,60,60,50
70741.0,60,80,60,70,60,60,50
70741.0,60,80,60,70,60,60,50
70741.0,60,80,60,70,60,60,50
70871,60,80,60,70,60,60,50
70871,60,80,60,70,60,60,50
70871,60,80,60,70,60,60,50
70899.0,60,80,60,70,60,60,50
70899.0,60,80,60,70,60,60,50
70899.0,60,80,60,70,60,60,50
70962.0,60,80,60,70,60,60,50
70962.0,60,80,60,70,60,60,50
70962.0,60,80,60,70,60,60,50
71024,60,80,60,70,60,60,50
71024,60,80,60,70,60,60,50
71024,60,80,60,70,60,60,50
71118,60,80,60,70,60,60,50
71118,60,80,60,70,60,60,50
71118,60,80,60,70,60,60,50
71157,60,80,60,70,60,60,50
71157,60,80,60,70,60,60,50
71157,60,80,60,70,60,60,50
71247.0,60,80,60,70,60,60,50
71247.0,60,80,60,70,60,60,50
71247.0,60,80,60,70,60,60,50
71270,60,80,60,70,60,60,50
71270,60,80,60,70,60,60,50
71270,60,80,60,70,60,60,50
71312,60,80,60,70,60,60,50
71312,60,80,60,70,60,60,50
71312,60,80,60,70,60,60,50
71365,60,80,60,70,60,60,50
71365,60,80,60,70,60,60,50
71365,60,80,60,70,60,60,50
71390,60,80,60,70,60,60,50
71390,60,80,60,70,60,60,50
71390,60,80,60,70,60,60,50
71395.0,60,80,60,70,60,60,50
71395.0,60,80,60,70,60,60,50
71395.0,60,80,60,70,60,60,50
71413,60,80,60,70,60,60,50
71413,60,80,60,70,60,60,50
71413,60,80,60,70,60,60,50
71439,60,80,60,70,60,60,50
71439,60,80,60,70,60,60,50
71439,60,80,60,70,60,60,50
71451,60,80,60,70,60,60,50
71451,60,80,60,70,60,60,50
71451,60,80,60,70,60,60,50
71499,60,80,60,70,60,60,50
71499,60,80,60,70,60,60,50
71499,60,80,60,70,60,60,50
71546.0,60,80,60,70,60,60,50
71546.0,60,80,60,70,60,60,50
71546.0,60,80,60,70,60,60,50
71563,60,80,60,70,60,60,50
71563,60,80,60,70,60,60,50
71563,60,80,60,70,60,60,50
71576,60,80,60,70,60,60,50
71576,60,80,60,70,60,60,50
71576,60,80,60,70,60,60,50
71595,60,80,60,70,60,60,50
71595,60,80,60,70,60,60,49
71631.0,60,80,60,70,60,60,49
71631.0,60,80,60,70,60,60,49
71631.0,60,80,60,70,60,60,49
71681,60,80,60,70,60,60,49
71681,60,80,60,70,60,60,49
71681,60,80,60,70,60,60,49
71762,60,80,60,70,60,60,49
71762,60,80,60,70,60,60,49
71762,60,80,60,70,60,60,49
71772,60,80,60,70,60,60,49
71772,60,80,60,70,60,60,49
71772,60,80,60,70,60,60,49
71799,60,80,60,70,60,60,50
71825.0,60,80,60,70,60,60,50
71825.0,60,80,60,70,60,60,50
71825.0,60,80,60,70,60,60,50
71933,60,80,60,70,60,60,50
71933,60,80,60,70,60,60,50
71933,60,80,60,70,60,60,50
72000,60,80,60,70,60,60,50
72085,60,80,60,70,60,60,50
72085,60,80,60,70,60,60,50
72085,60,80,60,70,60,60,50
72120.0,60,80,60,70,60,60,50
72120.0,60,80,60,70,60,60,50
72120.0,60,80,60,70,60,60,50
72123.0,60,80,60,70,60,60,50
72123.0,60,80,60,70,60,60,50
72123.0,60,80,60,70,60,60,50
72254,60,80,60,70,60,60,50
72254,60,80,60,70,60,60,50
72254,60,80,60,70,60,60,50
72315,60,80,60,70,60,60,50
72315,60,80,60,70,60,60,50
72315,60,80,60,70,60,60,50
72374.0,60,80,60,70,60,60,50
72374.0,60,80,60,70,60,60,50
72374.0,60,80,60,70,60,60,50
72405.0,60,80,60,70,60,60,50
72405.0,60,80,60,70,60,60,50
72405.0,60,80,60,70,60,60,50
72556,60,80,60,70,60,60,50
72556,59,80,60,70,60,60,50
72590.0,59,80,60,70,60,60,50
72590.0,59,80,60,70,60,60,50
72590.0,59,80,60,70,60,60,50
72633.0,59,80,60,70,60,60,50
72633.0,59,80,60,70,60,60,50
72633.0,59,80,60,70,60,60,50
72638,60,80,60,70,60,60,50
72653,60,80,60,70,60,60,50
72653,60,80,60,70,60,60,50
72653,60,80,60,70,60,60,50
72717,60,80,60,70,60,60,50
72717,60,80,60,70,60,60,50
72717,60,80,60,70,60,60,50
72748,60,80,60,70,60,60,50
72748,60,80,60,70,60,60,50
72748,60,80,60,70,60,60,50
72802,60,80,60,70,60,60,50
72802,60,80,60,70,60,60,50
72802,60,80,60,70,60,60,50
72834,60,80,60,70,60,60,50
72834,60,80,60,70,60,60,50
72834,60,80,60,70,60,60,50
72865,60,80,60,70,60,60,50
72865,60,80,60,70,60,60,50
72865,60,80,60,70,60,60,50
73156.0,60,80,60,70,60,60,50
73156.0,60,80,60,70,60,60,50
73156.0,60,80,60,70,60,60,50
73240,60,80,60,70,60,60,50
73240,60,80,60,70,60,60,50
73240,60,80,60,70,60,60,50
73299.0,60,80,60,70,60,60,50
73299.0,60,80,60,70,60,60,50
73299.0,60,80,60,70,60,60,50
73387,60,80,60,70,60,60,50
73387,60,80,60,70,60,60,50
73387,60,80,60,70,60,60,50
73404.0,60,80,60,70,60,60,50
73404.0,60,80,60,70,60,60,50
73404.0,60,80,60,70,60,60,50
73423,60,80,60,70,60,60,50
73423,60,80,60,70,60,60,50
73423,60,80,60,70,60,60,50
73435,60,80,60,70,60,60,50
73435,60,80,60,70,60,60,50
73435,60,80,60,70,60,60,50
73458.0,60,80,60,70,60,60,50
73458.0,60,80,60,70,60,60,50
73458.0,60,80,60,70,60,60,50
73500,60,80,60,70,60,60,50
73500,60,80,60,70,60,60,50
73500,60,80,60,70,60,60,50
73533,60,80,60,70,60,60,50
73533,60,80,60,70,60,60,50
73533,60,80,60,70,60,60,50
73617.0,60,80,60,70,60,60,50
73617.0,60,80,60,70,60,60,50
73617.0,60,80,60,70,60,60,50
73626.0,60,80,60,70,60,60,50
73626.0,60,80,60,70,60,60,50
73626.0,60,80,60,70,60,60,50
73718,60,80,60,70,60,60,50
73718,60,80,60,70,60,60,50
73718,60,80,60,70,60,60,50
73750,60,80,60,70,60,60,50
73750,60,80,60,70,60,60,50
73750,60,80,60,70,60,60,50
73752,60,80,60,70,60,60,50
73752,60,80,60,70,60,60,50
73752,60,80,60,70,60,60,50
73771,60,80,60,70,60,60,50
73771,60,80,60,70,60,60,50
73771,60,80,60,70,60,60,50
73787.0,60,80,60,70,60,60,50
73787.0,60,80,60,70,60,60,50
73787.0,60,80,60,70,60,60,50
73838,60,80,60,70,60,60,50
73838,60,80,60,70,60,60,50
73838,60,80,60,70,60,60,50
73840,60,80,60,70,60,60,50
73840,60,80,60,70,60,60,50
73840,60,80,60,70,60,60,50
73860,60,80,60,70,60,60,50
73860,60,80,60,70,60,60,50
73860,60,80,60,70,60,60,50
73933,60,80,60,70,60,60,50
73933,60,80,60,70,60,60,50
73933,60,80,60,70,60,60,50
73950,60,80,60,70,60,60,50
73950,60,80,60,70,60,60,50
73950,60,80,60,70,60,60,50
74058.0,60,80,60,70,60,60,50
74058.0,60,80,60,70,60,60,50
74058.0,60,80,60,70,60,60,50
74076.0,60,80,60,70,60,60,50
74076.0,60,80,60,70,60,60,50
74076.0,60,80,60,70,60,60,50
74098,60,80,60,70,60,60,50
74098,60,80,60,70,60,60,50
74098,60,80,60,70,60,60,50
74105,60,80,60,70,60,60,50
74105,60,80,60,70,60,60,50
74105,60,80,60,70,60,60,50
74139.0,60,80,60,70,60,60,50
74139.0,60,80,60,70,60,60,50
74139.0,60,80,60,70,60,60,50
74209,60,80,60,70,60,60,50
74209,60,80,60,70,60,60,50
74209,60,80,60,70,60,60,50
74209.0,60,80,60,70,60,60,50
74209.0,60,80,60,70,60,60,50
74209.0,60,80,60,70,60,60,50
74218,60,80,60,70,60,60,50
74218,60,80,60,70,60,60,50
74218,60,80,60,70,60,60,50
74284.0,60,80,60,70,60,60,50
74284.0,60,80,60,70,60,60,50
74284.0,60,80,60,70,60,60,50
74302,60,80,60,70,60,60,50
74302,60,80,60,70,60,60,50
74302,60,80,60,70,60,60,50
74388.0,60,80,60,70,60,60,50
74388.0,60,80,60,70,60,60,50
74388.0,60,80,60,70,60,60,50
74459,60,80,60,70,60,60,50
74459,60,80,60,70,60,60,50
74459,60,80,60,70,60,60,50
74544,60,80,60,70,60,60,50
74544,60,80,60,70,60,60,50
74544,60,80,60,70,60,60,50
74547,60,80,60,70,60,60,50
74547,60,80,60,70,60,60,50
74547,60,80,60,70,60,60,50
74810.0,60,80,60,70,60,60,50
74810.0,60,80,60,70,60,60,50
74810.0,60,80,60,70,60,60,50
74830,60,80,60,70,60,60,50
74830,60,80,60,70,60,60,50
74830,60,80,60,70,60,60,50
74847.0,60,80,60,70,60,60,50
74847.0,60,80,60,70,60,60,50
74847.0,60,80,60,70,60,60,50
74884.0,60,80,60,70,60,60,50
74884.0,60,80,60,70,60,60,50
74884.0,60,80,60,70,60,60,50
74888,60,80,60,70,60,60,50
74888,60,80,60,70,60,60,50
74888,60,80,60,70,60,60,50
74901.0,60,80,60,70,60,60,50
74901.0,60,80,60,70,60,60,50
74901.0,60,80,60,70,60,60,50
74903,60,80,60,70,60,60,50
74903,60,80,60,70,59,60,50
74971,60,80,60,70,59,60,50
74971,60,80,60,70,59,60,50
74971,60,80,60,70,59,60,50
74999,60,80,60,70,59,60,50
74999,60,80,60,70,59,60,50
74999,60,80,60,70,59,60,50
75031,60,80,60,70,59,60,50
75031,60,80,60,70,59,60,50
75031,60,80,60,70,59,60,50
75221,60,80,60,70,59,60,50
75221,60,80,60,70,59,60,50
75221,60,80,60,70,59,60,50
75280,60,80,60,70,59,60,50
75280,60,80,60,70,59,60,50
75280,60,80,60,70,59,60,50
75363,60,80,60,70,59,60,50
75363,60,80,60,70,60,60,50
75374.0,60,80,60,70,60,60,50
75374.0,60,80,60,70,60,60,50
75374.0,60,80,60,70,60,60,50
75400.0,60,80,60,70,60,60,50
75400.0,60,80,60,70,60,60,50
75400.0,60,80,60,70,60,60,50
75447.0,60,80,60,70,60,60,50
75447.0,60,80,60,70,60,60,50
75447.0,60,80,60,70,60,60,50
75448.0,60,80,60,70,60,60,50
75448.0,60,80,60,70,60,60,50
75448.0,60,80,60,70,60,60,50
75459,60,80,60,70,60,60,50
75459,60,80,60,70,60,60,50
75459,60,80,60,70,60,60,50
75555,60,80,60,70,60,60,50
75555,60,79,60,70,60,60,50
75600,60,79,60,70,60,60,50
75695,60,80,60,70,60,60,50
75723.0,60,80,60,70,60,60,50
75723.0,60,80,60,70,60,60,50
75723.0,60,80,60,70,60,60,50
75738,60,80,60,70,60,60,50
75738,60,80,60,70,60,60,50
75738,60,80,60,70,60,60,50
75766,60,80,60,70,60,60,50
75766,60,80,60,70,60,60,49
75777,60,80,60,70,60,60,49
75777,60,80,60,70,60,60,49
75777,60,80,60,70,60,60,49
75806,60,80,60,70,60,60,49
75806,60,80,60,70,60,60,49
75806,60,80,60,70,60,60,49
75927,60,80,60,70,60,60,49
75927,60,80,60,70,60,60,49
75927,60,80,60,70,60,60,49
75984,60,80,60,70,60,60,49
75984,60,80,60,70,60,60,49
75984,60,80,60,70,60,60,49
76005.0,60,80,60,70,60,60,49
76005.0,60,80,60,70,60,60,49
76005.0,60,80,60,70,60,60,49
76005.0,60,80,60,70,60,60,49
76005.0,60,80,60,70,60,60,49
76005.0,60,80,60,70,60,60,49
76009,60,80,60,70,60,60,49
76009,60,80,60,70,60,60,49
76009,60,80,60,70,60,60,49
76010.0,60,80,60,70,60,60,49
76010.0,60,80,60,70,60,60,49
76010.0,60,80,60,70,60,60,49
76026.0,60,80,60,70,60,60,49
76026.0,60,80,60,70,60,60,49
76026.0,60,80,60,70,60,60,49
76157.0,60,80,60,70,60,60,49
76157.0,60,80,60,70,60,60,49
76157.0,60,80,60,70,60,60,49
76199,60,80,60,70,60,60,49
76199,60,80,60,70,60,60,49
76199,60,80,60,70,60,60,49
76286,60,80,60,70,60,60,50
76329.0,60,80,60,70,60,60,50
76329.0,60,80,60,70,60,60,50
76329.0,60,80,60,70,60,60,50
76445,60,80,60,70,60,60,50
76445,60,80,60,70,60,60,50
76445,60,80,60,70,60,60,50
76535,60,80,60,70,60,60,50
76535,60,80,60,70,60,60,50
76535,60,80,60,70,60,60,50
76561.0,60,80,60,70,60,60,50
76561.0,60,80,60,70,60,60,50
76561.0,60,80,60,70,60,60,50
76564.0,60,80,60,70,60,60,50
76564.0,60,80,60,70,60,60,50
76564.0,60,80,60,70,60,60,50
76639,60,80,60,70,60,60,50
76639,60,80,60,70,60,60,50
76639,60,80,60,70,60,60,50
76665.0,60,80,60,70,60,60,50
76665.0,60,80,60,70,60,60,50
76665.0,60,80,60,70,60,60,50
76684.0,60,80,60,70,60,60,50
76684.0,60,80,60,70,60,60,50
76684.0,60,80,60,70,60,60,50
76691,60,80,60,70,60,60,50
76691,60,80,60,70,60,60,50
76691,60,80,60,70,60,60,50
76796.0,60,80,60,70,60,60,50
76796.0,60,80,60,70,60,60,50
76796.0,60,80,60,70,60,60,50
76821,60,80,60,70,60,60,50
76821,60,80,60,70,60,60,50
76821,60,80,60,70,60,60,50
76826,60,80,60,70,60,60,50
76826,60,80,60,70,60,60,50
76826,60,80,60,70,60,60,50
76832,60,80,60,70,60,60,50
76832,60,80,60,70,60,60,50
76832,60,80,60,70,60,60,50
76833,60,80,60,70,60,60,50
76833,60,80,60,70,60,60,50
76833,60,80,60,70,60,60,50
76833.0,60,80,60,70,60,60,50
76833.0,60,80,60,70,60,60,50
76833.0,60,80,60,70,60,60,50
76966,60,80,60,70,60,60,50
76966,60,80,60,70,60,60,50
76966,60,80,60,70,60,60,50
77086,60,80,60,70,60,60,50
77086,60,80,60,70,60,60,50
77086,60,80,60,70,60,60,50
77096.0,60,80,60,70,60,60,50
77096.0,60,80,60,70,60,60,50
77096.0,60,80,60,70,60,60,50
77101,60,80,60,70,60,60,50
77101,60,80,60,70,60,60,50
77101,60,80,60,70,60,60,50
77113,60,80,60,70,60,60,50
77113,59,80,60,70,60,60,50
77119,60,80,60,70,60,60,50
77134,60,80,60,70,60,60,50
77134,60,80,60,70,60,60,50
77134,60,80,60,70,60,60,50
77177,60,80,60,70,60,60,50
77177,60,80,60,70,60,60,50
77177,60,80,60,70,60,60,50
77242,60,80,60,70,60,60,50
77242,60,80,60,70,60,60,50
77242,60,80,60,70,60,60,50
77265.0,60,80,60,70,60,60,50
77265.0,60,80,60,70,60,60,50
77265.0,60,80,60,70,60,60,50
77332,60,80,60,70,60,60,50
77332,60,80,60,70,60,60,50
77332,60,80,60,70,60,60,50
77385,60,80,60,70,60,60,50
77385,60,80,60,70,60,60,50
77385,60,80,60,70,60,60,50
77396.0,60,80,60,70,60,60,50
77396.0,60,80,60,70,60,60,50
77396.0,60,80,60,70,60,60,50
77458,60,80,60,70,60,60,50
77458,60,80,60,70,60,60,50
77458,60,80,60,70,60,60,50
77460,60,80,60,70,60,60,50
77460,60,80,60,70,60,60,50
77460,60,80,60,70,60,60,50
77491,60,80,60,70,60,60,50
77491,60,80,60,70,60,60,50
77491,60,80,60,70,60,60,50
77629,60,80,60,70,60,60,50
77629,60,80,60,70,60,60,50
77629,60,80,60,70,60,60,50
77632,60,80,60,70,60,60,50
77632,60,80,60,70,60,60,50
77632,60,80,60,70,60,60,50
77714,60,80,60,70,60,60,50
77714,60,80,60,70,60,60,50
77714,60,80,60,70,60,60,50
77739.0,60,80,60,70,60,60,50
77739.0,60,80,60,70,60,60,50
77739.0,60,80,60,70,60,60,50
77808,60,80,60,70,60,60,50
77808,60,80,60,70,60,60,50
77808,60,80,60,70,60,60,50
77830,60,80,60,70,60,60,50
77830,60,80,60,70,60,60,50
77830,60,80,60,70,60,60,50
77888,60,80,60,70,60,60,50
77888,60,80,60,70,60,60,50
77888,60,80,60,70,60,60,50
77895.0,60,80,60,70,60,60,50
77895.0,60,80,60,70,60,60,50
77895.0,60,80,60,70,60,60,50
77899,60,80,60,70,60,60,50
77899,60,80,60,70,60,60,50
77899,60,80,60,70,60,60,50
77901.0,60,80,60,70,60,60,50
77901.0,60,80,60,70,60,60,50
77901.0,60,80,60,70,60,60,50
77915,60,80,60,70,60,60,50
77915,60,80,60,70,60,60,50
77915,60,80,60,70,60,60,50
77943,60,80,60,70,60,60,50
77943,60,80,60,70,60,60,50
77943,60,80,60,70,60,60,50
77956.0,60,80,60,70,60,60,50
77956.0,60,80,60,70,60,60,50
77956.0,60,80,60,70,60,60,50
78086,60,80,60,70,60,60,50
78086,60,80,60,70,60,60,50
78086,60,80,60,70,60,60,50
78281,60,80,60,70,60,60,50
78281,60,80,59,70,60,60,50
78294,60,80,59,70,60,60,50
78294,60,80,59,70,60,60,50
78294,60,80,59,70,60,60,50
78317,60,80,59,70,60,60,50
78317,60,80,59,70,60,60,50
78317,60,80,59,70,60,60,50
78448,60,80,59,70,60,60,50
78448,60,80,59,70,60,60,50
78448,60,80,59,70,60,60,50
78484,60,80,59,70,60,60,50
78484,60,80,59,70,60,60,50
78484,60,80,59,70,60,60,50
78511,60,80,59,70,60,60,50
78511,60,80,60,70,60,60,50
78597.0,60,80,60,70,60,60,50
78597.0,60,80,60,70,60,60,50
78597.0,60,80,60,70,60,60,50
78720.0,60,80,60,70,60,60,50
78720.0,60,80,60,70,60,60,50
78720.0,60,80,60,70,60,60,50
78806,60,80,60,70,60,60,50
78806,60,80,60,70,60,60,50
78806,60,80,60,70,60,60,50
78831.0,60,80,60,70,60,60,50
78831.0,60,80,60,70,60,60,50
78831.0,60,80,60,70,60,60,50
78867,60,80,60,70,60,60,50
78867,60,80,60,70,60,60,50
78867,60,80,60,70,60,60,50
78993,60,80,60,70,60,60,50
78993,60,80,60,70,60,60,50
78993,60,80,60,70,60,60,50
79190.0,60,80,60,70,60,60,50
79190.0,60,80,60,70,60,60,50
79190.0,60,80,60,70,60,60,50
79200,60,80,60,70,60,60,50
79224,60,80,60,70,60,60,50
79224,60,80,60,70,60,60,50
79224,60,80,60,70,60,60,50
79239,60,80,60,70,60,60,50
79239,60,80,60,70,60,60,50
79239,60,80,60,70,60,60,50
79326,60,80,60,70,60,60,50
79326,60,80,60,70,60,60,50
79326,60,80,60,70,60,60,50
79329.0,60,80,60,70,60,60,50
79329.0,60,80,60,70,60,60,50
79329.0,60,80,60,70,60,60,50
79334,60,80,60,70,60,60,50
79334,60,80,60,70,60,60,50
79334,60,80,60,70,60,60,50
79349,60,80,60,70,60,60,50
79349,60,80,60,70,60,60,50
79349,60,80,60,70,60,60,50
79384,60,80,60,70,60,60,50
79384,60,80,59,70,60,60,50
79399,60,80,59,70,60,60,50
79399,60,80,59,70,60,60,50
79399,60,80,59,70,60,60,50
79404.0,60,80,59,70,60,60,50
79404.0,60,80,59,70,60,60,50
79404.0,60,80,59,70,60,60,50
79411,60,80,60,70,60,60,50
79420.0,60,80,60,70,60,60,50
79420.0,60,80,60,70,60,60,50
79420.0,60,80,60,70,60,60,50
79452,60,80,60,70,60,60,50
79452,60,80,60,70,60,60,49
79476,60,80,60,70,60,60,50
79535,60,80,60,70,60,60,50
79535,60,80,60,70,60,60,50
79535,60,80,60,70,60,60,50
79536,60,80,60,70,60,60,50
79536,60,80,60,70,60,60,50
79536,60,80,60,70,60,60,50
79536,60,80,60,70,60,60,50
79536,60,80,60,70,60,60,50
79536,60,80,60,70,60,60,50
79560.0,60,80,60,70,60,60,50
79560.0,60,80,60,70,60,60,50
79560.0,60,80,60,70,60,60,50
79572.0,60,80,60,70,60,60,50
79572.0,60,80,60,70,60,60,50
79572.0,60,80,60,70,60,60,50
79585,60,80,60,70,60,60,50
79585,60,80,60,70,60,60,50
79585,60,80,60,70,60,60,50
79585,60,80,60,70,60,60,50
79585,60,80,60,70,60,60,50
79585,60,80,60,70,60,60,50
79600.0,60,80,60,70,60,60,50
79600.0,60,80,60,70,60,60,50
79600.0,60,80,60,70,60,60,50
79735,60,80,60,70,60,60,50
79735,60,80,60,70,60,60,50
79735,60,80,60,70,60,60,50
79740,60,80,60,70,60,60,50
79740,60,80,60,70,60,60,50
79740,60,80,60,70,60,60,50
79823,60,80,60,70,60,60,50
79823,60,80,60,70,60,60,50
79823,60,80,60,70,60,60,50
79849,60,80,60,70,60,60,50
79849,60,80,60,70,60,60,50
79849,60,80,60,70,60,60,50
80031.0,60,80,60,70,60,60,50
80031.0,60,80,60,70,60,60,50
80031.0,60,80,60,70,60,60,50
80203,60,80,60,70,60,60,50
80203,60,80,59,70,60,60,50
80275.0,60,80,59,70,60,60,50
80275.0,60,80,59,70,60,60,50
80275.0,60,80,59,70,60,60,50
80279,60,80,59,70,60,60,50
80279,60,80,59,70,60,60,50
80279,60,80,59,70,60,60,50
80282,60,80,59,70,60,60,50
80282,60,80,60,70,60,60,50
80283,60,80,60,70,60,60,50
80283,60,80,59,70,60,60,50
80334,60,80,60,70,60,60,50
80520.0,60,80,60,70,60,60,50
80520.0,60,80,60,70,60,60,50
80520.0,60,80,60,70,60,60,50
80526,60,80,60,70,60,60,50
80526,60,80,60,70,60,60,50
80526,60,80,60,70,60,60,50
80562.0,60,80,60,70,60,60,50
80562.0,60,80,60,70,60,60,50
80562.0,60,80,60,70,60,60,50
80595,60,80,60,70,60,60,50
80595,60,80,60,70,60,60,50
80595,60,80,60,70,60,60,50
80682.0,60,80,60,70,60,60,50
80682.0,60,80,60,70,60,60,50
80682.0,60,80,60,70,60,60,50
80711,60,80,60,70,60,60,50
80711,60,79,60,70,60,60,50
80717,60,79,60,70,60,60,50
80717,60,80,60,70,60,60,50
80736,60,80,60,70,60,60,50
80736,60,80,60,70,60,60,50
80736,60,80,60,70,60,60,50
80805.0,60,80,60,70,60,60,50
80805.0,60,80,60,70,60,60,50
80805.0,60,80,60,70,60,60,50
80809.0,60,80,60,70,60,60,50
80809.0,60,80,60,70,60,60,50
80809.0,60,80,60,70,60,60,50
80869,60,80,60,70,60,60,50
80869,60,80,60,70,60,60,50
80869,60,80,60,70,60,60,50
80903,60,80,60,70,60,60,50
80903,60,80,60,70,60,60,50
80903,60,80,60,70,60,60,50
80936,60,80,60,70,60,60,50
80936,60,80,60,70,60,60,50
80936,60,80,60,70,60,60,50
81040,60,80,60,70,60,60,50
81040,60,80,60,70,60,60,50
81040,60,80,60,70,60,60,50
81051,60,80,60,70,60,60,50
81051,60,80,60,70,60,60,49
81093,60,80,60,70,60,60,49
81093,60,80,60,70,60,60,49
81093,60,80,60,70,60,60,49
81153,60,80,60,70,60,60,49
81153,60,80,60,70,60,60,50
81176,60,80,60,70,60,60,50
81176,59,80,60,70,60,60,50
81181,60,80,60,70,60,60,50
81220.0,60,80,60,70,60,60,50
81220.0,60,80,60,70,60,60,50
81220.0,60,80,60,70,60,60,50
81231.0,60,80,60,70,60,60,50
81231.0,60,80,60,70,60,60,50
81231.0,60,80,60,70,60,60,50
81236,60,80,60,70,60,60,50
81236,60,80,60,70,59,60,50
81348,60,80,60,70,59,60,50
81348,60,80,60,70,60,60,50
81376,60,80,60,70,60,60,50
81376,60,80,60,70,60,60,49
81417.0,60,80,60,70,60,60,49
81417.0,60,80,60,70,60,60,49
81417.0,60,80,60,70,60,60,49
81421,60,80,60,70,60,60,49
81421,60,80,60,69,60,60,49
81535,60,80,60,69,60,60,49
81535,60,80,60,69,60,60,49
81535,60,80,60,69,60,60,49
81541.0,60,80,60,69,60,60,49
81541.0,60,80,60,69,60,60,49
81541.0,60,80,60,69,60,60,49
81591,60,80,60,69,60,60,49
81591,60,80,60,69,60,60,49
81591,60,80,60,69,60,60,49
81636,60,80,60,69,60,60,49
81636,60,80,60,69,60,60,49
81636,60,80,60,69,60,60,49
81834,60,80,60,70,60,60,49
81912,60,80,60,70,60,60,49
81912,60,80,60,70,60,60,49
81912,60,80,60,70,60,60,49
81981,60,80,60,70,60,60,49
81981,60,80,60,70,60,60,49
81981,60,80,60,70,60,60,50
81981,60,80,60,70,60,60,50
81981,60,80,60,70,60,60,50
82011,60,80,60,70,60,60,50
82011,60,80,60,70,60,60,50
82011,60,80,60,70,60,60,50
82092,60,80,60,70,60,60,50
82092,60,80,60,70,60,60,50
82092,60,80,60,70,60,60,50
82113,60,80,60,70,60,60,50
82113,60,80,60,70,60,60,50
82113,60,80,60,70,60,60,50
82197.0,60,80,60,70,60,60,50
82197.0,60,80,60,70,60,60,50
82197.0,60,80,60,70,60,60,50
82198,60,80,60,70,60,60,50
82198,60,80,60,70,60,60,50
82198,60,80,60,70,60,60,50
82404.0,60,80,60,70,60,60,50
82404.0,60,80,60,70,60,60,50
82404.0,60,80,60,70,60,60,50
82406,60,80,60,70,60,60,50
82406,60,80,60,70,60,60,50
82406,60,80,60,70,60,60,50
82477,60,80,60,70,60,60,50
82477,60,80,60,70,60,60,50
82477,60,80,60,70,60,60,50
82489,60,80,60,70,60,60,50
82489,60,80,60,70,60,60,50
82489,60,80,60,70,60,60,50
82506,60,80,60,70,60,60,50
82506,60,80,60,70,60,60,50
82506,60,80,60,70,60,60,50
82732,60,80,60,70,60,60,50
82732,60,80,60,70,60,60,50
82732,60,80,60,70,60,60,50
82739,60,80,60,70,60,60,50
82739,60,80,60,70,60,60,50
82739,60,80,60,70,60,60,50
82762.0,60,80,60,70,60,60,50
82762.0,60,80,60,70,60,60,50
82762.0,60,80,60,70,60,60,50
82800,60,80,60,70,60,60,50
82854,60,80,60,70,60,60,50
82854,60,80,60,70,60,60,50
82854,60,80,60,70,60,60,50
82877,60,80,60,70,60,60,50
82877,60,80,60,70,60,60,50
82877,60,80,60,70,60,60,50
82899.0,60,80,60,70,60,60,50
82899.0,60,80,60,70,60,60,50
82899.0,60,80,60,70,60,60,50
82929.0,60,80,60,70,60,60,50
82929.0,60,80,60,70,60,60,50
82929.0,60,80,60,70,60,60,50
82946.0,60,80,60,70,60,60,50
82946.0,60,80,60,70,60,60,50
82946.0,60,80,60,70,60,60,50
83028,60,80,60,70,60,60,50
83028,60,80,60,70,60,60,50
83028,60,80,60,70,60,60,50
83279,60,80,60,70,60,60,50
83279,60,80,60,70,60,60,50
83279,60,80,60,70,60,60,50
83297,60,80,60,70,60,60,50
83297,60,80,60,70,60,60,50
83297,60,80,60,70,60,60,50
83390.0,60,80,60,70,60,60,50
83390.0,60,80,60,70,60,60,50
83390.0,60,80,60,70,60,60,50
83396.0,60,80,60,70,60,60,50
83396.0,60,80,60,70,60,60,50
83396.0,60,80,60,70,60,60,50
83476,60,80,60,70,60,60,50
83476,60,80,60,70,60,60,50
83476,60,80,60,70,60,60,50
83604.0,60,80,60,70,60,60,50
83604.0,60,80,60,70,60,60,50
83604.0,60,80,60,70,60,60,50
83620.0,60,80,60,70,60,60,50
83620.0,60,80,60,70,60,60,50
83620.0,60,80,60,70,60,60,50
83696,60,80,60,70,60,60,50
83696,60,80,60,70,60,60,50
83696,60,80,60,70,60,60,50
83697,60,80,60,70,60,60,50
83697,60,80,60,70,60,60,50
83697,60,80,60,70,60,60,50
83805.0,60,80,60,70,60,60,50
83805.0,60,80,60,70,60,60,50
83805.0,60,80,60,70,60,60,50
83844,60,80,60,70,60,60,50
83844,60,80,60,70,60,60,50
83844,60,80,60,70,60,60,50
83848.0,60,80,60,70,60,60,50
83848.0,60,80,60,70,60,60,50
83848.0,60,80,60,70,60,60,50
83909,60,80,60,70,60,60,50
83909,60,80,60,70,60,60,50
83909,60,80,60,70,60,60,50
84014,60,80,60,70,60,60,50
84014,60,80,60,70,60,60,50
84014,60,80,60,70,60,60,50
84095,60,80,60,70,60,60,50
84095,60,80,60,70,60,60,50
84095,60,80,60,70,60,60,50
84120.0,60,80,60,70,60,60,50
84120.0,60,80,60,70,60,60,50
84120.0,60,80,60,70,60,60,50
84142.0,60,80,60,70,60,60,50
84142.0,60,80,60,70,60,60,50
84142.0,60,80,60,70,60,60,50
84156,60,80,60,70,60,60,50
84156,60,80,60,70,60,60,50
84156,60,80,60,70,60,60,50
84296.0,60,80,60,70,60,60,50
84296.0,60,80,60,70,60,60,50
84296.0,60,80,60,70,60,60,50
84356,60,80,60,70,60,60,50
84356,60,80,60,70,60,60,50
84356,60,80,60,70,60,60,50
84360.0,60,80,60,70,60,60,50
84360.0,60,80,60,70,60,60,50
84360.0,60,80,60,70,60,60,50
84434.0,60,80,60,70,60,60,50
84434.0,60,80,60,70,60,60,50
84434.0,60,80,60,70,60,60,50
84434.0,60,80,60,70,60,60,50
84434.0,60,80,60,70,60,60,50
84434.0,60,80,60,70,60,60,50
84460,60,80,60,70,60,60,50
84460,60,80,60,70,60,60,50
84460,60,80,60,70,60,60,50
84469,60,80,60,70,60,60,50
84469,60,80,60,70,60,60,50
84469,60,80,60,70,60,60,50
84496,60,80,60,70,60,60,50
84496,60,80,60,70,60,60,50
84496,60,80,60,70,60,60,50
84515.0,60,80,60,70,60,60,50
84515.0,60,80,60,70,60,60,50
84515.0,60,80,60,70,60,60,50
84526,60,80,60,70,60,60,50
84526,60,80,60,70,60,60,50
84526,60,80,60,70,60,60,50
84585,60,80,60,70,60,60,50
84585,60,80,60,70,60,60,50
84585,60,80,60,70,60,60,50
84745,60,80,60,70,60,60,50
84745,60,80,60,70,60,60,50
84745,60,80,60,70,60,60,50
84903,60,80,60,70,60,60,50
84903,60,80,60,70,60,60,50
84903,60,80,60,70,60,60,50
84952.0,60,80,60,70,60,60,50
84952.0,60,80,60,70,60,60,50
84952.0,60,80,60,70,60,60,50
84963,60,80,60,70,60,60,50
84963,60,80,60,70,60,60,50
84963,60,80,60,70,60,60,50
85009.0,60,80,60,70,60,60,50
85009.0,60,80,60,70,60,60,50
85009.0,60,80,60,70,60,60,50
85009.0,60,80,60,70,60,60,50
85009.0,60,80,60,70,60,60,50
85009.0,60,80,60,70,60,60,50
85011,60,80,60,70,60,60,50
85011,60,80,60,70,60,60,50
85011,60,80,60,70,60,60,50
85072,60,80,60,70,60,60,50
85072,59,80,60,70,60,60,50
85116,59,80,60,70,60,60,50
85116,59,80,60,70,60,60,50
85116,60,80,60,70,60,60,50
85345,60,80,60,70,60,60,50
85345,60,80,60,70,60,60,50
85345,60,80,60,70,60,60,50
85360,60,80,60,70,60,60,50
85360,60,80,60,70,60,60,50
85360,60,80,60,70,60,60,50
85431,60,80,60,70,60,60,50
85431,60,80,60,70,60,60,50
85431,60,80,60,70,60,60,50
85431.0,60,80,60,70,60,60,50
85431.0,60,80,60,70,60,60,50
85431.0,60,80,60,70,60,60,50
85480,60,80,60,70,60,60,50
85480,60,80,60,70,60,60,50
85480,60,80,60,70,60,60,50
85642,60,80,60,70,60,60,50
85642,60,80,60,70,60,60,50
85642,60,80,60,70,60,60,50
85665.0,60,80,60,70,60,60,50
85665.0,60,80,60,70,60,60,50
85665.0,60,80,60,70,60,60,50
85761,60,80,60,70,60,60,50
85761,60,80,60,70,60,60,50
85761,60,80,60,70,60,60,50
85816,60,80,60,70,60,60,50
85816,60,80,60,70,60,60,50
85816,60,80,60,70,60,60,50
85847,60,80,60,70,60,60,50
85847,60,80,60,70,59,60,50
85920.0,60,80,60,70,59,60,50
85920.0,60,80,60,70,59,60,50
85920.0,60,80,60,70,59,60,50
85996,60,80,60,70,59,60,50
85996,59,80,60,70,59,60,50
86051,59,80,60,70,59,60,50
86051,59,80,60,70,59,60,50
86051,59,80,60,70,59,60,50
86363.0,59,80,60,70,59,60,50
86363.0,59,80,60,70,59,60,50
86363.0,59,80,60,70,59,60,50
86400,59,80,60,70,59,60,50
