0,0,0,0,0,0,0,0
197,0,0,0,0,0,0,0
197,6,0,0,0,0,0,0
426,6,0,0,0,0,0,0
426,6,0,0,0,0,0,6
449,6,0,0,0,0,0,6
449,6,0,0,0,0,6,6
532,6,0,0,0,0,6,6
532,6,6,0,0,0,6,6
1375,6,6,0,0,0,6,6
1375,6,6,0,0,0,6,12
1417,6,6,0,0,0,6,12
1417,6,6,0,0,0,12,12
1572,6,6,0,0,0,12,12
1572,6,6,0,0,0,12,18
2370,6,6,0,0,0,12,18
2370,12,6,0,0,0,12,18
2504,12,6,0,0,0,12,18
2504,12,6,0,0,6,12,18
2600,12,6,0,0,6,12,18
2600,12,6,0,6,6,12,18
2816,12,6,0,6,6,12,18
2816,12,6,6,6,6,12,18
2821,12,6,6,6,6,12,18
2821,18,6,6,6,6,12,18
2930,18,6,6,6,6,12,18
2930,18,6,12,6,6,12,18
3198,18,6,12,6,6,12,18
3198,18,6,12,6,6,18,18
3200.0,18,6,12,6,6,18,18
3200.0,18,6,12,0,6,18,18
3600,18,6,12,0,6,18,18
3903,18,6,12,0,6,18,18
3903,18,12,12,0,6,18,18
4304.0,18,12,12,0,6,18,18
4304.0,18,12,12,0,0,18,18
4591,18,12,12,0,0,18,18
4591,18,12,12,0,6,18,18
4719,18,12,12,0,6,18,18
4719,18,12,12,6,6,18,18
5208,18,12,12,6,6,18,18
5208,18,12,12,6,6,18,24
5516,18,12,12,6,6,18,24
5516,18,12,12,12,6,18,24
5769,18,12,12,12,6,18,24
5769,18,12,12,12,12,18,24
6071,18,12,12,12,12,18,24
6071,18,12,12,12,18,18,24
6530.0,18,12,12,12,18,18,24
6530.0,18,12,6,12,18,18,24
7016.0,18,12,6,12,18,18,24
7016.0,18,12,0,12,18,18,24
7200,18,12,0,12,18,18,24
7417.0,18,12,0,12,18,18,24
7417.0,18,12,0,12,18,12,24
9969.0,18,12,0,12,18,12,24
9969.0,18,12,0,12,12,12,24
10503.0,18,12,0,12,12,12,24
10503.0,18,6,0,12,12,12,24
10800,18,6,0,12,12,12,24
11191.0,18,6,0,12,12,12,24
11191.0,18,6,0,12,6,12,24
11849.0,18,6,0,12,6,12,24
11849.0,18,6,0,12,6,6,24
13167,18,6,0,12,6,6,24
13167,18,6,0,12,6,6,24
13366,18,6,0,12,6,6,24
13366,18,6,0,12,6,6,30
13904,18,6,0,12,6,6,30
13904,18,6,0,12,12,6,30
14226.0,18,6,0,12,12,6,30
14226.0,18,6,0,12,12,6,24
14400,18,6,0,12,12,6,24
14598.0,18,6,0,12,12,6,24
14598.0,18,6,0,12,12,0,24
14919.0,18,6,0,12,12,0,24
14919.0,18,6,0,6,12,0,24
14931.999999999998,18,6,0,6,12,0,24
14931.999999999998,18,0,0,6,12,0,24
15421.0,18,0,0,6,12,0,24
15421.0,12,0,0,6,12,0,24
17370.0,12,0,0,6,12,0,24
17370.0,6,0,0,6,12,0,24
18000,6,0,0,6,12,0,24
19311,6,0,0,6,12,0,24
19311,6,0,0,6,12,0,30
19932,6,0,0,6,12,0,30
19932,6,0,0,6,12,0,30
21600,6,0,0,6,12,0,30
21758,6,0,0,6,12,0,30
21758,6,6,0,6,12,0,30
22366.0,6,6,0,6,12,0,30
22366.0,6,6,0,6,12,0,24
22906,6,6,0,6,12,0,24
22906,12,6,0,6,12,0,24
22914,12,6,0,6,12,0,24
22914,12,12,0,6,12,0,24
22941,12,12,0,6,12,0,24
22941,12,12,0,12,12,0,24
23208.0,12,12,0,12,12,0,24
23208.0,12,12,0,12,12,0,18
23549,12,12,0,12,12,0,18
23549,18,12,0,12,12,0,18
23834,18,12,0,12,12,0,18
23834,18,12,6,12,12,0,18
24199,18,12,6,12,12,0,18
24199,18,12,6,12,18,0,18
24741.0,18,12,6,12,18,0,18
24741.0,18,12,6,6,18,0,18
24758.0,18,12,6,6,18,0,18
24758.0,18,6,6,6,18,0,18
25200,18,6,6,6,18,0,18
25513,18,6,6,6,18,0,18
25513,18,12,6,6,18,0,18
25871.0,18,12,6,6,18,0,18
25871.0,18,12,6,6,12,0,18
25936,18,12,6,6,12,0,18
25936,24,12,6,6,12,0,18
25954,24,12,6,6,12,0,18
25954,24,12,6,12,12,0,18
25954.0,24,12,6,12,12,0,18
25954.0,24,12,6,6,12,0,18
26291,24,12,6,6,12,0,18
26291,24,12,12,6,12,0,18
26291.0,24,12,12,6,12,0,18
26291.0,24,12,6,6,12,0,18
26371,24,12,6,6,12,0,18
26371,24,18,6,6,12,0,18
26440,24,18,6,6,12,0,18
26440,24,18,12,6,12,0,18
26511.0,24,18,12,6,12,0,18
26511.0,24,18,12,6,12,0,12
26601,24,18,12,6,12,0,12
26601,24,18,12,6,18,0,12
26792,24,18,12,6,18,0,12
26792,24,18,18,6,18,0,12
26915,24,18,18,6,18,0,12
26915,24,24,18,6,18,0,12
26952,24,24,18,6,18,0,12
26952,30,24,18,6,18,0,12
27084,30,24,18,6,18,0,12
27084,30,30,18,6,18,0,12
27326,30,30,18,6,18,0,12
27326,30,36,18,6,18,0,12
27711,30,36,18,6,18,0,12
27711,30,36,18,6,24,0,12
27762,30,36,18,6,24,0,12
27762,30,42,18,6,24,0,12
27762.0,30,42,18,6,24,0,12
27762.0,30,36,18,6,24,0,12
27819,30,36,18,6,24,0,12
27819,30,36,18,12,24,0,12
28305,30,36,18,12,24,0,12
28305,30,36,18,12,30,0,12
28338,30,36,18,12,30,0,12
28338,30,36,18,12,30,6,12
28378,30,36,18,12,30,6,12
28378,30,42,18,12,30,6,12
28576,30,42,18,12,30,6,12
28576,30,42,18,12,30,12,12
28671,30,42,18,12,30,12,12
28671,30,48,18,12,30,12,12
28785,30,48,18,12,30,12,12
28785,30,48,18,12,36,12,12
28800,30,48,18,12,36,12,12
28826,30,48,18,12,36,12,12
28826,30,48,18,12,42,12,12
28939,30,48,18,12,42,12,12
28939,30,48,18,12,42,18,12
28949.0,30,48,18,12,42,18,12
28949.0,24,48,18,12,42,18,12
29192.0,24,48,18,12,42,18,12
29192.0,24,48,12,12,42,18,12
29212,24,48,12,12,42,18,12
29212,30,48,12,12,42,18,12
29246,30,48,12,12,42,18,12
29246,30,48,12,12,48,18,12
29257,30,48,12,12,48,18,12
29257,30,48,18,12,48,18,12
29258,30,48,18,12,48,18,12
29258,30,54,18,12,48,18,12
29352.0,30,54,18,12,48,18,12
29352.0,24,54,18,12,48,18,12
29353,24,54,18,12,48,18,12
29353,24,54,18,18,48,18,12
29387,24,54,18,18,48,18,12
29387,24,54,18,24,48,18,12
29514.0,24,54,18,24,48,18,12
29514.0,24,48,18,24,48,18,12
29572,24,48,18,24,48,18,12
29572,24,48,18,24,48,18,18
29589,24,48,18,24,48,18,18
29589,24,48,18,24,54,18,18
29589.0,24,48,18,24,54,18,18
29589.0,24,48,18,24,48,18,18
29601.0,24,48,18,24,48,18,18
29601.0,24,48,18,24,42,18,18
29655,24,48,18,24,42,18,18
29655,24,48,18,30,42,18,18
29661,24,48,18,30,42,18,18
29661,24,48,18,30,42,24,18
29693,24,48,18,30,42,24,18
29693,24,48,18,30,48,24,18
29814,24,48,18,30,48,24,18
29814,24,48,24,30,48,24,18
30040,24,48,24,30,48,24,18
30040,30,48,24,30,48,24,18
30077,30,48,24,30,48,24,18
30077,30,48,24,30,48,24,18
30116.0,30,48,24,30,48,24,18
30116.0,30,48,24,24,48,24,18
30127,30,48,24,24,48,24,18
30127,30,48,24,30,48,24,18
30219,30,48,24,30,48,24,18
30219,30,54,24,30,48,24,18
30257,30,54,24,30,48,24,18
30257,30,54,24,30,54,24,18
30293.0,30,54,24,30,54,24,18
30293.0,30,54,24,30,48,24,18
30343,30,54,24,30,48,24,18
30343,36,54,24,30,48,24,18
30515.0,36,54,24,30,48,24,18
30515.0,36,48,24,30,48,24,18
30517,36,48,24,30,48,24,18
30517,36,48,24,36,48,24,18
30541,36,48,24,36,48,24,18
30541,36,48,24,36,48,30,18
30876,36,48,24,36,48,30,18
30876,36,48,30,36,48,30,18
30926.0,36,48,30,36,48,30,18
30926.0,36,42,30,36,48,30,18
31069,36,42,30,36,48,30,18
31069,36,42,30,36,54,30,18
31187.0,36,42,30,36,54,30,18
31187.0,36,42,30,30,54,30,18
31197,36,42,30,30,54,30,18
31197,36,42,30,36,54,30,18
31255,36,42,30,36,54,30,18
31255,36,42,36,36,54,30,18
31304.0,36,42,36,36,54,30,18
31304.0,36,42,36,36,48,30,18
31338,36,42,36,36,48,30,18
31338,42,42,36,36,48,30,18
31343,42,42,36,36,48,30,18
31343,42,42,36,42,48,30,18
31644,42,42,36,42,48,30,18
31644,42,42,36,42,54,30,18
31802,42,42,36,42,54,30,18
31802,42,42,36,42,54,36,18
31826,42,42,36,42,54,36,18
31826,42,42,36,42,60,36,18
31911.0,42,42,36,42,60,36,18
31911.0,42,42,36,42,54,36,18
31974.999999999996,42,42,36,42,54,36,18
31974.999999999996,42,42,36,42,54,36,12
32067,42,42,36,42,54,36,12
32067,42,42,36,42,54,42,12
32172,42,42,36,42,54,42,12
32172,42,42,36,42,54,42,18
32293,42,42,36,42,54,42,18
32293,42,42,36,42,54,42,18
32332,42,42,36,42,54,42,18
32332,42,42,42,42,54,42,18
32400,42,42,42,42,54,42,18
32514,42,42,42,42,54,42,18
32514,42,42,42,42,54,42,18
32653,42,42,42,42,54,42,18
32653,42,42,42,42,60,42,18
32776.0,42,42,42,42,60,42,18
32776.0,42,42,42,42,60,36,18
32847,42,42,42,42,60,36,18
32847,42,42,42,42,66,36,18
32857.0,42,42,42,42,66,36,18
32857.0,42,42,36,42,66,36,18
33033,42,42,36,42,66,36,18
33033,48,42,36,42,66,36,18
33273,48,42,36,42,66,36,18
33273,48,42,36,48,66,36,18
33305,48,42,36,48,66,36,18
33305,48,42,36,48,66,36,18
33341,48,42,36,48,66,36,18
33341,48,42,42,48,66,36,18
33349,48,42,42,48,66,36,18
33349,48,42,42,54,66,36,18
33388,48,42,42,54,66,36,18
33388,48,42,42,60,66,36,18
33415,48,42,42,60,66,36,18
33415,54,42,42,60,66,36,18
33432,54,42,42,60,66,36,18
33432,54,42,42,66,66,36,18
33660,54,42,42,66,66,36,18
33660,54,42,42,66,66,36,24
33682,54,42,42,66,66,36,24
33682,54,42,42,66,72,36,24
33743.0,54,42,42,66,72,36,24
33743.0,54,42,42,60,72,36,24
33803,54,42,42,60,72,36,24
33803,54,42,42,60,72,36,30
33815,54,42,42,60,72,36,30
33815,60,42,42,60,72,36,30
33857,60,42,42,60,72,36,30
33876.0,60,42,42,60,72,36,30
33876.0,60,42,36,60,72,36,30
33877,60,42,36,60,72,36,30
33877,60,42,42,60,72,36,30
34060,60,42,42,60,72,36,30
34090,60,42,42,60,72,36,30
34090,66,42,42,60,72,36,30
34090.0,66,42,42,60,72,36,30
34090.0,60,42,42,60,72,36,30
34174,60,42,42,60,72,36,30
34415.0,60,42,42,60,72,36,30
34415.0,54,42,42,60,72,36,30
34419.0,54,42,42,60,72,36,30
34419.0,54,42,42,54,72,36,30
34419.0,54,42,42,54,72,36,36
34503,54,42,42,54,72,36,36
34583,54,42,42,54,72,36,36
34719,54,42,42,54,72,36,36
34719,60,42,42,54,72,36,36
34721,60,42,42,54,72,36,36
34823,60,42,42,54,72,36,36
34823,60,42,42,54,72,36,36
34826.0,60,42,42,54,72,36,36
34826.0,60,42,42,54,66,36,36
34826.0,60,42,42,60,66,36,36
34906.0,60,42,42,60,66,36,36
34906.0,54,42,42,60,66,36,36
34938.0,54,42,42,60,66,36,36
34938.0,48,42,42,60,66,36,36
34979,48,42,42,60,66,36,36
34979,48,42,48,60,66,36,36
35024,48,42,48,60,66,36,36
35033,48,42,48,60,66,36,36
35055.0,48,42,48,60,66,36,36
35055.0,48,42,48,54,66,36,36
35055.0,48,42,48,60,66,36,36
35061.0,48,42,48,60,66,36,36
35061.0,48,42,48,60,66,30,36
35061.0,48,42,48,60,66,30,42
35063,48,42,48,60,66,30,42
35067,48,42,48,60,66,30,42
35067,48,42,54,60,66,30,42
35148,48,42,54,60,66,30,42
35332.0,48,42,54,60,66,30,42
35332.0,48,42,48,60,66,30,42
35437,48,42,48,60,66,30,42
35437,48,42,54,60,66,30,42
35440.0,48,42,54,60,66,30,42
35440.0,42,42,54,60,66,30,42
35473,42,42,54,60,66,30,42
35473,42,48,54,60,66,30,42
35497,42,48,54,60,66,30,42
35504,42,48,54,60,66,30,42
35504,42,48,60,60,66,30,42
35518,42,48,60,60,66,30,42
35518,42,48,60,60,66,30,42
35565,42,48,60,60,66,30,42
35565,42,54,60,60,66,30,42
35572.0,42,54,60,60,66,30,42
35572.0,42,54,60,60,66,30,36
35572.0,42,54,60,60,66,30,42
35685,42,54,60,60,66,30,42
35738,42,54,60,60,66,30,42
35741.0,42,54,60,60,66,30,42
35741.0,42,54,54,60,66,30,42
35769,42,54,54,60,66,30,42
35769,48,54,54,60,66,30,42
35814.0,48,54,54,60,66,30,42
35814.0,48,54,48,60,66,30,42
35893,48,54,48,60,66,30,42
36000,48,54,48,60,66,30,42
36082.0,48,54,48,60,66,30,42
36082.0,48,54,48,60,60,30,42
36082.0,48,54,48,60,60,30,48
36082.0,48,54,48,60,60,30,48
36082.0,48,54,48,60,60,30,42
36082.0,48,54,48,60,60,30,48
36127.0,48,54,48,60,60,30,48
36127.0,48,54,48,54,60,30,48
36127.0,48,54,48,60,60,30,48
36172.0,48,54,48,60,60,30,48
36172.0,48,54,48,60,60,30,42
36172.0,48,54,48,60,60,30,48
36197.0,48,54,48,60,60,30,48
36197.0,42,54,48,60,60,30,48
36343.0,42,54,48,60,60,30,48
36343.0,36,54,48,60,60,30,48
36446.0,36,54,48,60,60,30,48
36446.0,36,54,48,60,54,30,48
36446.0,36,54,48,66,54,30,48
36469,36,54,48,66,54,30,48
36541.0,36,54,48,66,54,30,48
36541.0,36,54,48,66,54,24,48
36541.0,36,54,48,66,60,24,48
36598,36,54,48,66,60,24,48
36682.0,36,54,48,66,60,24,48
36682.0,36,54,48,66,60,24,42
36682.0,36,54,48,66,66,24,42
36822,36,54,48,66,66,24,42
36853.0,36,54,48,66,66,24,42
36853.0,36,54,48,66,60,24,42
36853.0,36,54,48,66,66,24,42
36872,36,54,48,66,66,24,42
36872,36,60,48,66,66,24,42
36988.0,36,60,48,66,66,24,42
36988.0,36,60,48,60,66,24,42
36988.0,36,60,48,60,66,30,42
37153.0,36,60,48,60,66,30,42
37153.0,36,60,48,54,66,30,42
37153.0,36,60,48,54,66,30,48
37226.0,36,60,48,54,66,30,48
37226.0,36,60,48,54,60,30,48
37226.0,36,60,48,60,60,30,48
37248,36,60,48,60,60,30,48
37248,36,66,48,60,60,30,48
37284.0,36,66,48,60,60,30,48
37284.0,36,60,48,60,60,30,48
37399.0,36,60,48,60,60,30,48
37399.0,36,60,48,60,54,30,48
37399.0,36,60,48,60,60,30,48
37403.0,36,60,48,60,60,30,48
37403.0,36,60,48,60,60,30,42
37403.0,36,60,48,60,60,36,42
37419.0,36,60,48,60,60,36,42
37419.0,36,60,48,60,60,36,36
37419.0,36,60,48,60,60,36,42
37451,36,60,48,60,60,36,42
37549.0,36,60,48,60,60,36,42
37549.0,36,60,48,54,60,36,42
37549.0,36,60,48,54,66,36,42
37634.0,36,60,48,54,66,36,42
37634.0,36,60,42,54,66,36,42
37644.0,36,60,42,54,66,36,42
37644.0,36,60,42,54,60,36,42
37717.0,36,60,42,54,60,36,42
37717.0,36,60,42,48,60,36,42
37785.0,36,60,42,48,60,36,42
37785.0,36,60,42,48,54,36,42
37905.0,36,60,42,48,54,36,42
37905.0,36,60,42,48,48,36,42
38050,36,60,42,48,48,36,42
38050,36,60,42,48,54,36,42
38167,36,60,42,48,54,36,42
38167,42,60,42,48,54,36,42
38289,42,60,42,48,54,36,42
38289,42,60,42,48,54,36,42
38289,42,60,42,48,54,36,48
38289,42,60,42,54,54,36,48
38353.0,42,60,42,54,54,36,48
38353.0,42,60,42,54,54,36,42
38426.0,42,60,42,54,54,36,42
38426.0,42,60,42,48,54,36,42
38452,42,60,42,48,54,36,42
38452,42,66,42,48,54,36,42
38525,42,66,42,48,54,36,42
38525,48,66,42,48,54,36,42
38538.0,48,66,42,48,54,36,42
38538.0,48,66,42,48,54,30,42
38590,48,66,42,48,54,30,42
38590,48,66,42,54,54,30,42
38606,48,66,42,54,54,30,42
38606,48,66,42,60,54,30,42
38630,48,66,42,60,54,30,42
38630,48,66,42,60,54,30,48
38643,48,66,42,60,54,30,48
38643,48,66,42,60,54,36,48
38650.0,48,66,42,60,54,36,48
38650.0,48,66,42,60,48,36,48
38685,48,66,42,60,48,36,48
38685,48,66,42,66,48,36,48
38773,48,66,42,66,48,36,48
38773,48,72,42,66,48,36,48
38858.0,48,72,42,66,48,36,48
38858.0,48,66,42,66,48,36,48
39026.0,48,66,42,66,48,36,48
39026.0,48,66,42,60,48,36,48
39060.0,48,66,42,60,48,36,48
39060.0,48,66,42,60,48,36,42
39091,48,66,42,60,48,36,42
39091,48,72,42,60,48,36,42
39104.0,48,72,42,60,48,36,42
39104.0,48,72,36,60,48,36,42
39253.0,48,72,36,60,48,36,42
39253.0,48,72,36,60,42,36,42
39469.0,48,72,36,60,42,36,42
39469.0,48,72,36,60,36,36,42
39544,48,72,36,60,36,36,42
39544,54,72,36,60,36,36,42
39600,54,72,36,60,36,36,42
39725.0,54,72,36,60,36,36,42
39725.0,48,72,36,60,36,36,42
39746,48,72,36,60,36,36,42
39746,48,72,36,66,36,36,42
39791,48,72,36,66,36,36,42
39791,48,72,36,66,36,36,48
39932,48,72,36,66,36,36,48
39932,48,72,36,66,42,36,48
39933,48,72,36,66,42,36,48
39933,48,72,36,72,42,36,48
39972.0,48,72,36,72,42,36,48
39972.0,48,72,36,72,42,36,42
40012.0,48,72,36,72,42,36,42
40012.0,42,72,36,72,42,36,42
40055,42,72,36,72,42,36,42
40055,42,72,36,72,48,36,42
40062,42,72,36,72,48,36,42
40062,42,72,36,72,48,36,42
40240.0,42,72,36,72,48,36,42
40240.0,42,72,30,72,48,36,42
40485.0,42,72,30,72,48,36,42
40485.0,42,72,30,66,48,36,42
40535,42,72,30,66,48,36,42
40535,42,78,30,66,48,36,42
40572.0,42,78,30,66,48,36,42
40572.0,42,78,30,66,48,36,36
40615,42,78,30,66,48,36,36
40615,42,78,30,66,54,36,36
40646.0,42,78,30,66,54,36,36
40646.0,42,78,30,60,54,36,36
40739,42,78,30,60,54,36,36
40739,42,78,30,60,54,36,36
40745,42,78,30,60,54,36,36
40745,42,84,30,60,54,36,36
40748,42,84,30,60,54,36,36
40748,42,84,30,60,54,42,36
40872,42,84,30,60,54,42,36
40872,42,90,30,60,54,42,36
40873.0,42,90,30,60,54,42,36
40873.0,42,84,30,60,54,42,36
40904,42,84,30,60,54,42,36
40904,42,84,30,66,54,42,36
40918,42,84,30,66,54,42,36
40942,42,84,30,66,54,42,36
40942,42,90,30,66,54,42,36
41043.0,42,90,30,66,54,42,36
41043.0,42,90,30,66,54,36,36
41043.0,42,90,30,66,60,36,36
41046,42,90,30,66,60,36,36
41046,42,90,30,66,60,36,36
41072.0,42,90,30,66,60,36,36
41072.0,42,84,30,66,60,36,36
41188.0,42,84,30,66,60,36,36
41188.0,42,84,30,66,60,30,36
41340,42,84,30,66,60,30,36
41340,42,84,30,66,60,36,36
41371.0,42,84,30,66,60,36,36
41371.0,42,78,30,66,60,36,36
41587,42,78,30,66,60,36,36
41587,42,78,36,66,60,36,36
41620,42,78,36,66,60,36,36
41620,42,78,42,66,60,36,36
41727,42,78,42,66,60,36,36
41771,42,78,42,66,60,36,36
42002.0,42,78,42,66,60,36,36
42002.0,42,78,42,66,60,30,36
42002.0,42,78,42,72,60,30,36
42022,42,78,42,72,60,30,36
42118,42,78,42,72,60,30,36
42172,42,78,42,72,60,30,36
42172,48,78,42,72,60,30,36
42350,48,78,42,72,60,30,36
42373.0,48,78,42,72,60,30,36
42373.0,48,72,42,72,60,30,36
42414,48,72,42,72,60,30,36
42423,48,72,42,72,60,30,36
42423,48,72,48,72,60,30,36
42602.0,48,72,48,72,60,30,36
42602.0,48,72,48,66,60,30,36
42602.0,48,72,48,66,60,36,36
42660,48,72,48,66,60,36,36
42660,48,78,48,66,60,36,36
42663,48,78,48,66,60,36,36
42663,54,78,48,66,60,36,36
42732,54,78,48,66,60,36,36
42778,54,78,48,66,60,36,36
42778,54,84,48,66,60,36,36
42778.0,54,84,48,66,60,36,36
42778.0,54,78,48,66,60,36,36
42794,54,78,48,66,60,36,36
42794,54,78,54,66,60,36,36
42905,54,78,54,66,60,36,36
42905,54,78,60,66,60,36,36
42928,54,78,60,66,60,36,36
42933.0,54,78,60,66,60,36,36
42933.0,54,78,60,60,60,36,36
42933.0,54,78,60,60,60,42,36
42933.0,54,78,60,60,60,42,36
42933.0,54,78,60,60,60,36,36
42933.0,54,78,60,60,60,36,42
43015,54,78,60,60,60,36,42
43015,54,84,60,60,60,36,42
43073,54,84,60,60,60,36,42
43121,54,84,60,60,60,36,42
43191,54,84,60,60,60,36,42
43200,54,84,60,60,60,36,42
43225,54,84,60,60,60,36,42
43518,54,84,60,60,60,36,42
43557,54,84,60,60,60,36,42
43565,54,84,60,60,60,36,42
43565,54,84,60,60,60,36,42
43623.0,54,84,60,60,60,36,42
43623.0,54,84,54,60,60,36,42
43623.0,54,90,54,60,60,36,42
43671,54,90,54,60,60,36,42
43744.0,54,90,54,60,60,36,42
43744.0,48,90,54,60,60,36,42
43744.0,48,96,54,60,60,36,42
43745.0,48,96,54,60,60,36,42
43745.0,48,90,54,60,60,36,42
43745.0,48,90,60,60,60,36,42
43813,48,90,60,60,60,36,42
43846,48,90,60,60,60,36,42
43846,48,90,60,60,60,36,42
43872.0,48,90,60,60,60,36,42
43872.0,48,84,60,60,60,36,42
43872.0,54,84,60,60,60,36,42
43883,54,84,60,60,60,36,42
43883,54,84,60,60,60,36,42
43932,54,84,60,60,60,36,42
43932,54,84,60,60,60,36,42
44022,54,84,60,60,60,36,42
44105.0,54,84,60,60,60,36,42
44105.0,54,84,54,60,60,36,42
44105.0,54,90,54,60,60,36,42
44202,54,90,54,60,60,36,42
44215.0,54,90,54,60,60,36,42
44215.0,48,90,54,60,60,36,42
44215.0,54,90,54,60,60,36,42
44253,54,90,54,60,60,36,42
44289.0,54,90,54,60,60,36,42
44289.0,54,90,54,54,60,36,42
44289.0,54,90,54,60,60,36,42
44340.0,54,90,54,60,60,36,42
44340.0,54,90,54,60,60,30,42
44340.0,54,90,54,60,60,30,48
44504.0,54,90,54,60,60,30,48
44504.0,54,90,54,54,60,30,48
44504.0,54,90,54,60,60,30,48
44578.0,54,90,54,60,60,30,48
44578.0,54,84,54,60,60,30,48
44578.0,54,84,60,60,60,30,48
44603,54,84,60,60,60,30,48
44603,54,84,60,60,60,30,48
44630.0,54,84,60,60,60,30,48
44630.0,54,84,60,60,60,30,42
44630.0,54,84,60,60,66,30,42
44715,54,84,60,60,66,30,42
44715,54,84,60,60,66,30,42
44749.0,54,84,60,60,66,30,42
44749.0,54,84,60,60,60,30,42
44749.0,54,84,60,60,60,36,42
44831,54,84,60,60,60,36,42
44948.0,54,84,60,60,60,36,42
44948.0,54,84,60,60,60,30,42
44948.0,54,84,60,60,60,30,48
45124,54,84,60,60,60,30,48
45128,54,84,60,60,60,30,48
45128,54,84,60,60,60,30,48
45261.0,54,84,60,60,60,30,48
45261.0,54,84,60,60,60,30,42
45261.0,54,84,60,60,60,30,48
45333,54,84,60,60,60,30,48
45362,54,84,60,60,60,30,48
45362,54,84,60,60,60,30,48
45366,54,84,60,60,60,30,48
45566,54,84,60,60,60,30,48
45645,54,84,60,60,60,30,48
45660.0,54,84,60,60,60,30,48
45660.0,54,78,60,60,60,30,48
45660.0,54,84,60,60,60,30,48
45678,54,84,60,60,60,30,48
45739,54,84,60,60,60,30,48
45819.0,54,84,60,60,60,30,48
45819.0,54,78,60,60,60,30,48
45819.0,54,84,60,60,60,30,48
45819.0,54,84,60,60,60,30,48
45819.0,54,78,60,60,60,30,48
45819.0,54,84,60,60,60,30,48
45936,54,84,60,60,60,30,48
45979,54,84,60,60,60,30,48
45995,54,84,60,60,60,30,48
45995,54,84,60,60,60,30,48
46312,54,84,60,60,60,30,48
46328,54,84,60,60,60,30,48
46372.0,54,84,60,60,60,30,48
46372.0,48,84,60,60,60,30,48
46372.0,48,84,66,60,60,30,48
46378.0,48,84,66,60,60,30,48
46378.0,48,84,60,60,60,30,48
46378.0,48,84,66,60,60,30,48
46399,48,84,66,60,60,30,48
46399,48,84,66,60,60,30,48
46406.0,48,84,66,60,60,30,48
46406.0,48,84,66,54,60,30,48
46406.0,48,84,66,60,60,30,48
46423,48,84,66,60,60,30,48
46494,48,84,66,60,60,30,48
46535.0,48,84,66,60,60,30,48
46535.0,48,78,66,60,60,30,48
46535.0,54,78,66,60,60,30,48
46561,54,78,66,60,60,30,48
46569.0,54,78,66,60,60,30,48
46569.0,48,78,66,60,60,30,48
46569.0,48,78,72,60,60,30,48
46586,48,78,72,60,60,30,48
46689.0,48,78,72,60,60,30,48
46689.0,48,78,72,60,60,30,42
46689.0,48,78,72,66,60,30,42
46744.0,48,78,72,66,60,30,42
46744.0,48,72,72,66,60,30,42
46781,48,72,72,66,60,30,42
46781,48,72,72,66,60,30,42
46800,48,72,72,66,60,30,42
46833.0,48,72,72,66,60,30,42
46833.0,42,72,72,66,60,30,42
46868,42,72,72,66,60,30,42
46940,42,72,72,66,60,30,42
46940,42,72,72,66,60,30,42
46953,42,72,72,66,60,30,42
46953,48,72,72,66,60,30,42
46974,48,72,72,66,60,30,42
46974,48,72,72,66,60,30,42
46991.0,48,72,72,66,60,30,42
46991.0,48,72,72,66,60,30,36
46991.0,48,72,72,66,60,30,42
47019.0,48,72,72,66,60,30,42
47019.0,48,72,72,66,60,30,36
47019.0,48,72,72,72,60,30,36
47029,48,72,72,72,60,30,36
47029,54,72,72,72,60,30,36
47054,54,72,72,72,60,30,36
47074,54,72,72,72,60,30,36
47074,54,72,72,72,60,30,36
47111,54,72,72,72,60,30,36
47111,54,72,72,72,60,30,36
47132.0,54,72,72,72,60,30,36
47132.0,54,72,72,72,54,30,36
47132.0,54,72,72,72,60,30,36
47203,54,72,72,72,60,30,36
47203,54,72,72,72,60,30,36
47213,54,72,72,72,60,30,36
47215.0,54,72,72,72,60,30,36
47215.0,48,72,72,72,60,30,36
47215.0,48,72,78,72,60,30,36
47223.0,48,72,78,72,60,30,36
47223.0,48,66,78,72,60,30,36
47224,48,66,78,72,60,30,36
47224,48,66,78,72,60,30,36
47297,48,66,78,72,60,30,36
47489,48,66,78,72,60,30,36
47579,48,66,78,72,60,30,36
47579,54,66,78,72,60,30,36
47587,54,66,78,72,60,30,36
47677.0,54,66,78,72,60,30,36
47677.0,54,66,72,72,60,30,36
47799,54,66,72,72,60,30,36
47829,54,66,72,72,60,30,36
47829,54,72,72,72,60,30,36
47919.0,54,72,72,72,60,30,36
47919.0,48,72,72,72,60,30,36
47997.0,48,72,72,72,60,30,36
47997.0,48,72,72,66,60,30,36
47997.0,48,72,72,72,60,30,36
48002.0,48,72,72,72,60,30,36
48002.0,48,72,72,72,60,24,36
48002.0,48,72,72,78,60,24,36
48012,48,72,72,78,60,24,36
48061,48,72,72,78,60,24,36
48061,48,78,72,78,60,24,36
48084,48,78,72,78,60,24,36
48084,48,78,72,78,60,24,36
48136.0,48,78,72,78,60,24,36
48136.0,42,78,72,78,60,24,36
48173,42,78,72,78,60,24,36
48179.0,42,78,72,78,60,24,36
48179.0,36,78,72,78,60,24,36
48230.0,36,78,72,78,60,24,36
48230.0,36,78,72,78,54,24,36
48230.0,36,78,72,78,54,24,42
48236,36,78,72,78,54,24,42
48314,36,78,72,78,54,24,42
48314,42,78,72,78,54,24,42
48317,42,78,72,78,54,24,42
48352,42,78,72,78,54,24,42
48352,42,78,72,78,54,24,42
48414,42,78,72,78,54,24,42
48415.0,42,78,72,78,54,24,42
48415.0,42,72,72,78,54,24,42
48672.0,42,72,72,78,54,24,42
48672.0,36,72,72,78,54,24,42
48727,36,72,72,78,54,24,42
48773,36,72,72,78,54,24,42
48819.0,36,72,72,78,54,24,42
48819.0,36,66,72,78,54,24,42
48861.0,36,66,72,78,54,24,42
48861.0,36,66,72,78,54,24,36
48861.0,36,66,72,84,54,24,36
48873.0,36,66,72,84,54,24,36
48873.0,36,66,72,78,54,24,36
48873.0,36,66,72,78,54,30,36
48908,36,66,72,78,54,30,36
49029.0,36,66,72,78,54,30,36
49029.0,36,66,72,78,54,30,36
49029.0,36,66,72,78,54,30,36
49029.0,36,60,72,78,54,30,36
49038,36,60,72,78,54,30,36
49038,42,60,72,78,54,30,36
49088,42,60,72,78,54,30,36
49088,42,66,72,78,54,30,36
49098,42,66,72,78,54,30,36
49098,42,72,72,78,54,30,36
49144,42,72,72,78,54,30,36
49267,42,72,72,78,54,30,36
49267,48,72,72,78,54,30,36
49304.0,48,72,72,78,54,30,36
49304.0,48,72,72,72,54,30,36
49304.0,48,72,72,72,60,30,36
49313,48,72,72,72,60,30,36
49313,54,72,72,72,60,30,36
49372.0,54,72,72,72,60,30,36
49372.0,54,72,66,72,60,30,36
49613,54,72,66,72,60,30,36
49632.0,54,72,66,72,60,30,36
49632.0,54,72,66,66,60,30,36
49632.0,54,72,66,72,60,30,36
49638.0,54,72,66,72,60,30,36
49638.0,48,72,66,72,60,30,36
49639,48,72,66,72,60,30,36
49647.0,48,72,66,72,60,30,36
49647.0,48,72,66,72,54,30,36
49647.0,48,72,66,72,54,36,36
49668,48,72,66,72,54,36,36
49671.0,48,72,66,72,54,36,36
49671.0,48,66,66,72,54,36,36
49676,48,66,66,72,54,36,36
49689.0,48,66,66,72,54,36,36
49689.0,48,66,66,66,54,36,36
49689.0,48,66,66,72,54,36,36
49744,48,66,66,72,54,36,36
49744,48,66,72,72,54,36,36
49745.0,48,66,72,72,54,36,36
49745.0,48,66,66,72,54,36,36
49748.0,48,66,66,72,54,36,36
49748.0,48,66,66,72,54,36,30
49748.0,48,66,66,72,60,36,30
49760,48,66,66,72,60,36,30
49827,48,66,66,72,60,36,30
49931,48,66,66,72,60,36,30
49931,48,66,72,72,60,36,30
50022,48,66,72,72,60,36,30
50061.0,48,66,72,72,60,36,30
50061.0,48,66,72,66,60,36,30
50061.0,48,66,72,72,60,36,30
50143,48,66,72,72,60,36,30
50293,48,66,72,72,60,36,30
50400,48,66,72,72,60,36,30
50414,48,66,72,72,60,36,30
50414,48,66,78,72,60,36,30
50416,48,66,78,72,60,36,30
50416,48,66,78,72,60,36,30
50429,48,66,78,72,60,36,30
50597,48,66,78,72,60,36,30
50598,48,66,78,72,60,36,30
50607,48,66,78,72,60,36,30
50607,48,72,78,72,60,36,30
50665,48,72,78,72,60,36,30
50667.0,48,72,78,72,60,36,30
50667.0,48,72,78,72,60,30,30
50667.0,48,72,78,72,60,36,30
50744,48,72,78,72,60,36,30
50885,48,72,78,72,60,36,30
50903,48,72,78,72,60,36,30
50930,48,72,78,72,60,36,30
50941.0,48,72,78,72,60,36,30
50941.0,48,72,78,72,54,36,30
50941.0,48,72,78,78,54,36,30
51011,48,72,78,78,54,36,30
51011,48,72,78,78,54,36,30
51025,48,72,78,78,54,36,30
51103,48,72,78,78,54,36,30
51177,48,72,78,78,54,36,30
51292,48,72,78,78,54,36,30
51415.0,48,72,78,78,54,36,30
51415.0,48,72,72,78,54,36,30
51415.0,48,72,78,78,54,36,30
51471,48,72,78,78,54,36,30
51654,48,72,78,78,54,36,30
51673,48,72,78,78,54,36,30
51739.0,48,72,78,78,54,36,30
51739.0,48,72,78,78,54,30,30
51739.0,48,72,78,78,54,30,36
51798,48,72,78,78,54,30,36
51950,48,72,78,78,54,30,36
52012,48,72,78,78,54,30,36
52026,48,72,78,78,54,30,36
52197.0,48,72,78,78,54,30,36
52197.0,48,72,78,72,54,30,36
52197.0,48,72,78,78,54,30,36
52202.0,48,72,78,78,54,30,36
52202.0,48,72,78,72,54,30,36
52202.0,48,72,78,78,54,30,36
52379.0,48,72,78,78,54,30,36
52379.0,48,72,72,78,54,30,36
52379.0,48,72,78,78,54,30,36
52399.0,48,72,78,78,54,30,36
52399.0,48,72,78,78,48,30,36
52399.0,48,72,78,78,54,30,36
52420,48,72,78,78,54,30,36
52455.0,48,72,78,78,54,30,36
52455.0,48,72,78,72,54,30,36
52455.0,48,72,78,78,54,30,36
52457.0,48,72,78,78,54,30,36
52457.0,48,72,78,78,48,30,36
52457.0,48,72,78,78,48,30,42
52513.0,48,72,78,78,48,30,42
52513.0,48,66,78,78,48,30,42
52513.0,48,66,84,78,48,30,42
52657,48,66,84,78,48,30,42
52877,48,66,84,78,48,30,42
52877,48,66,84,78,48,30,42
52892,48,66,84,78,48,30,42
52946.0,48,66,84,78,48,30,42
52946.0,48,66,84,72,48,30,42
52946.0,48,66,84,72,48,30,48
52965.0,48,66,84,72,48,30,48
52965.0,48,60,84,72,48,30,48
52965.0,54,60,84,72,48,30,48
53102,54,60,84,72,48,30,48
53189,54,60,84,72,48,30,48
53238,54,60,84,72,48,30,48
53243,54,60,84,72,48,30,48
53243,54,60,84,72,48,30,48
53247.0,54,60,84,72,48,30,48
53247.0,54,60,84,72,48,24,48
53247.0,54,60,84,72,54,24,48
53317,54,60,84,72,54,24,48
53437.0,54,60,84,72,54,24,48
53437.0,54,60,78,72,54,24,48
53437.0,54,60,84,72,54,24,48
53517,54,60,84,72,54,24,48
53594.0,54,60,84,72,54,24,48
53594.0,54,60,78,72,54,24,48
53594.0,60,60,78,72,54,24,48
53607.0,60,60,78,72,54,24,48
53607.0,60,54,78,72,54,24,48
53607.0,60,60,78,72,54,24,48
53690,60,60,78,72,54,24,48
53764,60,60,78,72,54,24,48
53811,60,60,78,72,54,24,48
54000,60,60,78,72,54,24,48
54067.0,60,60,78,72,54,24,48
54067.0,54,60,78,72,54,24,48
54067.0,54,60,84,72,54,24,48
54104.0,54,60,84,72,54,24,48
54104.0,54,60,84,72,48,24,48
54104.0,54,60,84,72,54,24,48
54104.0,54,60,84,72,54,24,48
54104.0,54,60,84,72,48,24,48
54104.0,54,60,84,78,48,24,48
54108,54,60,84,78,48,24,48
54179.0,54,60,84,78,48,24,48
54179.0,54,60,78,78,48,24,48
54179.0,60,60,78,78,48,24,48
54227,60,60,78,78,48,24,48
54227,60,60,78,78,48,24,48
54302,60,60,78,78,48,24,48
54489,60,60,78,78,48,24,48
54494,60,60,78,78,48,24,48
54548.0,60,60,78,78,48,24,48
54548.0,60,60,78,78,42,24,48
54548.0,60,60,78,84,42,24,48
54691.0,60,60,78,84,42,24,48
54691.0,60,54,78,84,42,24,48
54691.0,60,60,78,84,42,24,48
54691.0,60,60,78,84,42,24,48
54691.0,60,54,78,84,42,24,48
54691.0,66,54,78,84,42,24,48
54719,66,54,78,84,42,24,48
54719,66,54,78,84,42,24,48
54730,66,54,78,84,42,24,48
54804,66,54,78,84,42,24,48
54865,66,54,78,84,42,24,48
54865,66,54,78,84,42,24,48
55024,66,54,78,84,42,24,48
55024,66,54,78,84,42,24,48
55089.0,66,54,78,84,42,24,48
55089.0,66,54,78,78,42,24,48
55089.0,66,54,78,84,42,24,48
55263,66,54,78,84,42,24,48
55275,66,54,78,84,42,24,48
55339.0,66,54,78,84,42,24,48
55339.0,66,54,78,84,42,24,42
55339.0,66,54,78,90,42,24,42
55346.0,66,54,78,90,42,24,42
55346.0,66,54,78,90,42,24,36
55346.0,66,54,78,90,48,24,36
55403.0,66,54,78,90,48,24,36
55403.0,66,54,78,90,48,18,36
55403.0,66,54,78,90,48,18,42
55411,66,54,78,90,48,18,42
55411,66,54,78,90,48,18,42
55429.0,66,54,78,90,48,18,42
55429.0,60,54,78,90,48,18,42
55429.0,60,60,78,90,48,18,42
55443.0,60,60,78,90,48,18,42
55443.0,60,60,78,90,42,18,42
55443.0,60,60,78,96,42,18,42
55473.0,60,60,78,96,42,18,42
55473.0,60,60,78,96,42,12,42
55473.0,60,60,78,96,48,12,42
55511,60,60,78,96,48,12,42
55527,60,60,78,96,48,12,42
55533.0,60,60,78,96,48,12,42
55533.0,60,60,78,96,48,12,36
55533.0,60,60,78,96,48,12,42
55617,60,60,78,96,48,12,42
55632,60,60,78,96,48,12,42
55678,60,60,78,96,48,12,42
55724,60,60,78,96,48,12,42
55743,60,60,78,96,48,12,42
55751,60,60,78,96,48,12,42
55837.0,60,60,78,96,48,12,42
55837.0,60,60,72,96,48,12,42
55837.0,60,66,72,96,48,12,42
55954,60,66,72,96,48,12,42
55974,60,66,72,96,48,12,42
55976,60,66,72,96,48,12,42
55976,60,66,72,96,48,12,42
56049,60,66,72,96,48,12,42
56132,60,66,72,96,48,12,42
56132,60,66,72,96,48,12,42
56215,60,66,72,96,48,12,42
56329,60,66,72,96,48,12,42
56426,60,66,72,96,48,12,42
56427,60,66,72,96,48,12,42
56428,60,66,72,96,48,12,42
56475,60,66,72,96,48,12,42
56486,60,66,72,96,48,12,42
56509,60,66,72,96,48,12,42
56509,60,66,72,96,48,12,42
56545,60,66,72,96,48,12,42
56599.0,60,66,72,96,48,12,42
56599.0,60,66,72,96,42,12,42
56599.0,60,66,72,96,48,12,42
56619,60,66,72,96,48,12,42
56624,60,66,72,96,48,12,42
56643.0,60,66,72,96,48,12,42
56643.0,60,66,72,90,48,12,42
56643.0,60,66,72,90,54,12,42
56738,60,66,72,90,54,12,42
56815.0,60,66,72,90,54,12,42
56815.0,60,66,66,90,54,12,42
56815.0,60,66,72,90,54,12,42
56833,60,66,72,90,54,12,42
56834,60,66,72,90,54,12,42
56889.0,60,66,72,90,54,12,42
56889.0,60,66,72,84,54,12,42
56889.0,60,66,72,84,60,12,42
56904,60,66,72,84,60,12,42
56977,60,66,72,84,60,12,42
56977,60,66,72,84,60,12,42
56995,60,66,72,84,60,12,42
57037,60,66,72,84,60,12,42
57079,60,66,72,84,60,12,42
57146.0,60,66,72,84,60,12,42
57146.0,60,66,72,84,54,12,42
57146.0,60,66,72,84,60,12,42
57227,60,66,72,84,60,12,42
57333.0,60,66,72,84,60,12,42
57333.0,60,66,72,84,60,12,36
57333.0,60,66,72,84,66,12,36
57340,60,66,72,84,66,12,36
57394,60,66,72,84,66,12,36
57573,60,66,72,84,66,12,36
57600,60,66,72,84,66,12,36
57704.0,60,66,72,84,66,12,36
57704.0,60,66,72,78,66,12,36
57704.0,60,66,72,78,72,12,36
57753.0,60,66,72,78,72,12,36
57753.0,54,66,72,78,72,12,36
57753.0,60,66,72,78,72,12,36
57776,60,66,72,78,72,12,36
57792,60,66,72,78,72,12,36
57817,60,66,72,78,72,12,36
57881,60,66,72,78,72,12,36
57881,60,66,72,78,72,12,36
57933.0,60,66,72,78,72,12,36
57933.0,60,66,72,78,66,12,36
57933.0,60,66,72,84,66,12,36
57938,60,66,72,84,66,12,36
57938,60,66,72,84,66,12,36
57970,60,66,72,84,66,12,36
58015.0,60,66,72,84,66,12,36
58015.0,60,66,66,84,66,12,36
58015.0,60,66,72,84,66,12,36
58047,60,66,72,84,66,12,36
58088.0,60,66,72,84,66,12,36
58088.0,60,60,72,84,66,12,36
58088.0,60,60,78,84,66,12,36
58172,60,60,78,84,66,12,36
58268,60,60,78,84,66,12,36
58285,60,60,78,84,66,12,36
58291.0,60,60,78,84,66,12,36
58291.0,54,60,78,84,66,12,36
58291.0,54,60,84,84,66,12,36
58299,54,60,84,84,66,12,36
58299,54,60,84,84,66,12,36
58367,54,60,84,84,66,12,36
58386,54,60,84,84,66,12,36
58399.0,54,60,84,84,66,12,36
58399.0,54,60,84,84,60,12,36
58399.0,54,60,84,90,60,12,36
58402,54,60,84,90,60,12,36
58460,54,60,84,90,60,12,36
58463,54,60,84,90,60,12,36
58467.0,54,60,84,90,60,12,36
58467.0,54,60,84,90,60,6,36
58467.0,54,60,84,90,66,6,36
58471,54,60,84,90,66,6,36
58520,54,60,84,90,66,6,36
58594,54,60,84,90,66,6,36
58614,54,60,84,90,66,6,36
58614,54,60,84,90,66,6,36
58638,54,60,84,90,66,6,36
58701,54,60,84,90,66,6,36
58724,54,60,84,90,66,6,36
58724,54,60,84,90,66,6,36
58743,54,60,84,90,66,6,36
58750,54,60,84,90,66,6,36
58791,54,60,84,90,66,6,36
58817,54,60,84,90,66,6,36
58848,54,60,84,90,66,6,36
58848.0,54,60,84,90,66,6,36
58848.0,54,54,84,90,66,6,36
58848.0,60,54,84,90,66,6,36
58868,60,54,84,90,66,6,36
58898,60,54,84,90,66,6,36
58953.0,60,54,84,90,66,6,36
58953.0,54,54,84,90,66,6,36
58953.0,60,54,84,90,66,6,36
59020.0,60,54,84,90,66,6,36
59020.0,60,54,78,90,66,6,36
59020.0,60,60,78,90,66,6,36
59133.0,60,60,78,90,66,6,36
59133.0,60,60,78,84,66,6,36
59133.0,60,60,78,84,72,6,36
59198,60,60,78,84,72,6,36
59284,60,60,78,84,72,6,36
59349,60,60,78,84,72,6,36
59372,60,60,78,84,72,6,36
59372,60,60,78,84,72,6,36
59446,60,60,78,84,72,6,36
59476,60,60,78,84,72,6,36
59491.0,60,60,78,84,72,6,36
59491.0,60,60,72,84,72,6,36
59491.0,66,60,72,84,72,6,36
59510,66,60,72,84,72,6,36
59530,66,60,72,84,72,6,36
59607,66,60,72,84,72,6,36
59620.0,66,60,72,84,72,6,36
59620.0,66,54,72,84,72,6,36
59620.0,72,54,72,84,72,6,36
59871,72,54,72,84,72,6,36
59901,72,54,72,84,72,6,36
59923,72,54,72,84,72,6,36
60051,72,54,72,84,72,6,36
60083,72,54,72,84,72,6,36
60086,72,54,72,84,72,6,36
60086,72,54,72,84,72,6,36
60140,72,54,72,84,72,6,36
60142.0,72,54,72,84,72,6,36
60142.0,72,48,72,84,72,6,36
60142.0,78,48,72,84,72,6,36
60184,78,48,72,84,72,6,36
60190,78,48,72,84,72,6,36
60193,78,48,72,84,72,6,36
60222,78,48,72,84,72,6,36
60261.0,78,48,72,84,72,6,36
60261.0,78,48,72,78,72,6,36
60261.0,78,48,72,78,78,6,36
60395,78,48,72,78,78,6,36
60455.0,78,48,72,78,78,6,36
60455.0,78,48,72,78,72,6,36
60455.0,78,48,72,78,78,6,36
60455.0,78,48,72,78,78,6,36
60455.0,78,48,72,78,72,6,36
60455.0,78,48,72,84,72,6,36
60464,78,48,72,84,72,6,36
60539,78,48,72,84,72,6,36
60563,78,48,72,84,72,6,36
60574,78,48,72,84,72,6,36
60637.0,78,48,72,84,72,6,36
60637.0,78,42,72,84,72,6,36
60637.0,78,48,72,84,72,6,36
60661.0,78,48,72,84,72,6,36
60661.0,78,42,72,84,72,6,36
60661.0,78,42,78,84,72,6,36
60679,78,42,78,84,72,6,36
60744,78,42,78,84,72,6,36
60746.0,78,42,78,84,72,6,36
60746.0,78,42,78,84,66,6,36
60746.0,78,42,78,90,66,6,36
60758,78,42,78,90,66,6,36
60786,78,42,78,90,66,6,36
60794.0,78,42,78,90,66,6,36
60794.0,72,42,78,90,66,6,36
60794.0,72,42,84,90,66,6,36
60799.0,72,42,84,90,66,6,36
60799.0,72,42,84,84,66,6,36
60799.0,72,42,84,84,66,12,36
60804,72,42,84,84,66,12,36
60807.0,72,42,84,84,66,12,36
60807.0,72,36,84,84,66,12,36
60807.0,72,42,84,84,66,12,36
60851,72,42,84,84,66,12,36
60910,72,42,84,84,66,12,36
60943,72,42,84,84,66,12,36
60987,72,42,84,84,66,12,36
61002,72,42,84,84,66,12,36
61056,72,42,84,84,66,12,36
61063,72,42,84,84,66,12,36
61136,72,42,84,84,66,12,36
61200,72,42,84,84,66,12,36
61203,72,42,84,84,66,12,36
61210,72,42,84,84,66,12,36
61251,72,42,84,84,66,12,36
61251,72,42,84,84,66,12,36
61291.0,72,42,84,84,66,12,36
61291.0,66,42,84,84,66,12,36
61291.0,66,48,84,84,66,12,36
61313.0,66,48,84,84,66,12,36
61313.0,60,48,84,84,66,12,36
61313.0,60,54,84,84,66,12,36
61387.0,60,54,84,84,66,12,36
61387.0,60,54,78,84,66,12,36
61387.0,60,54,84,84,66,12,36
61474,60,54,84,84,66,12,36
61498,60,54,84,84,66,12,36
61498,60,54,84,84,66,12,36
61513.0,60,54,84,84,66,12,36
61513.0,60,54,78,84,66,12,36
61513.0,60,60,78,84,66,12,36
61513.0,60,60,78,84,66,12,36
61513.0,60,54,78,84,66,12,36
61513.0,60,60,78,84,66,12,36
61535.0,60,60,78,84,66,12,36
61535.0,54,60,78,84,66,12,36
61535.0,54,60,84,84,66,12,36
61628,54,60,84,84,66,12,36
61732,54,60,84,84,66,12,36
61810,54,60,84,84,66,12,36
61850,54,60,84,84,66,12,36
61958,54,60,84,84,66,12,36
61999,54,60,84,84,66,12,36
62025,54,60,84,84,66,12,36
62030,54,60,84,84,66,12,36
62065,54,60,84,84,66,12,36
62105,54,60,84,84,66,12,36
62135.0,54,60,84,84,66,12,36
62135.0,54,60,78,84,66,12,36
62135.0,60,60,78,84,66,12,36
62161,60,60,78,84,66,12,36
62174,60,60,78,84,66,12,36
62256,60,60,78,84,66,12,36
62268,60,60,78,84,66,12,36
62295,60,60,78,84,66,12,36
62310,60,60,78,84,66,12,36
62357,60,60,78,84,66,12,36
62463,60,60,78,84,66,12,36
62468,60,60,78,84,66,12,36
62491.0,60,60,78,84,66,12,36
62491.0,60,54,78,84,66,12,36
62491.0,66,54,78,84,66,12,36
62522,66,54,78,84,66,12,36
62534,66,54,78,84,66,12,36
62562,66,54,78,84,66,12,36
62625,66,54,78,84,66,12,36
62656,66,54,78,84,66,12,36
62667.0,66,54,78,84,66,12,36
62667.0,66,54,72,84,66,12,36
62667.0,66,60,72,84,66,12,36
62681,66,60,72,84,66,12,36
62713.0,66,60,72,84,66,12,36
62713.0,66,54,72,84,66,12,36
62713.0,72,54,72,84,66,12,36
62713.0,72,54,72,84,66,12,36
62713.0,66,54,72,84,66,12,36
62713.0,66,60,72,84,66,12,36
62722,66,60,72,84,66,12,36
62724,66,60,72,84,66,12,36
62729,66,60,72,84,66,12,36
62734,66,60,72,84,66,12,36
62740,66,60,72,84,66,12,36
62754,66,60,72,84,66,12,36
62754,66,60,72,84,66,12,36
62765,66,60,72,84,66,12,36
62807,66,60,72,84,66,12,36
62830,66,60,72,84,66,12,36
62830,66,60,72,84,66,12,36
62892,66,60,72,84,66,12,36
63010,66,60,72,84,66,12,36
63050,66,60,72,84,66,12,36
63072,66,60,72,84,66,12,36
63074,66,60,72,84,66,12,36
63106,66,60,72,84,66,12,36
63106,66,60,72,84,66,12,36
63179,66,60,72,84,66,12,36
63179,66,60,72,84,66,12,36
63328,66,60,72,84,66,12,36
63330,66,60,72,84,66,12,36
63342,66,60,72,84,66,12,36
63394,66,60,72,84,66,12,36
63412,66,60,72,84,66,12,36
63419,66,60,72,84,66,12,36
63474,66,60,72,84,66,12,36
63489,66,60,72,84,66,12,36
63519,66,60,72,84,66,12,36
63561,66,60,72,84,66,12,36
63562,66,60,72,84,66,12,36
63655.0,66,60,72,84,66,12,36
63655.0,66,60,66,84,66,12,36
63655.0,66,60,72,84,66,12,36
63698,66,60,72,84,66,12,36
63698,66,60,72,84,66,12,36
63742.0,66,60,72,84,66,12,36
63742.0,60,60,72,84,66,12,36
63742.0,66,60,72,84,66,12,36
63768,66,60,72,84,66,12,36
63768,66,60,72,84,66,12,36
63770,66,60,72,84,66,12,36
63778.0,66,60,72,84,66,12,36
63778.0,66,60,66,84,66,12,36
63778.0,66,66,66,84,66,12,36
63787,66,66,66,84,66,12,36
63857.0,66,66,66,84,66,12,36
63857.0,66,66,66,84,66,12,30
63857.0,66,66,66,84,66,18,30
63871,66,66,66,84,66,18,30
63889,66,66,66,84,66,18,30
63928,66,66,66,84,66,18,30
63938,66,66,66,84,66,18,30
63945,66,66,66,84,66,18,30
64015.0,66,66,66,84,66,18,30
64015.0,66,66,66,84,60,18,30
64015.0,66,66,66,84,66,18,30
64149,66,66,66,84,66,18,30
64227,66,66,66,84,66,18,30
64306,66,66,66,84,66,18,30
64330,66,66,66,84,66,18,30
64330,66,66,66,84,66,18,30
64340,66,66,66,84,66,18,30
64340,66,66,66,84,66,18,30
64342,66,66,66,84,66,18,30
64390.0,66,66,66,84,66,18,30
64390.0,66,66,66,78,66,18,30
64390.0,66,66,66,84,66,18,30
64402,66,66,66,84,66,18,30
64406.0,66,66,66,84,66,18,30
64406.0,66,66,66,78,66,18,30
64406.0,66,66,66,84,66,18,30
64467,66,66,66,84,66,18,30
64477,66,66,66,84,66,18,30
64549.0,66,66,66,84,66,18,30
64549.0,66,66,66,84,66,12,30
64549.0,66,66,66,84,66,18,30
64563,66,66,66,84,66,18,30
64580,66,66,66,84,66,18,30
64580,66,66,66,84,66,18,30
64643,66,66,66,84,66,18,30
64655.0,66,66,66,84,66,18,30
64655.0,66,66,66,78,66,18,30
64655.0,66,66,66,78,72,18,30
64680,66,66,66,78,72,18,30
64680,66,66,66,78,72,18,30
64697,66,66,66,78,72,18,30
64700,66,66,66,78,72,18,30
64710,66,66,66,78,72,18,30
64753,66,66,66,78,72,18,30
64753,66,66,66,78,72,18,30
64785,66,66,66,78,72,18,30
64800,66,66,66,78,72,18,30
64820,66,66,66,78,72,18,30
64846,66,66,66,78,72,18,30
64849,66,66,66,78,72,18,30
64849,66,66,66,78,72,18,30
64861.0,66,66,66,78,72,18,30
64861.0,66,66,60,78,72,18,30
64861.0,66,72,60,78,72,18,30
64871,66,72,60,78,72,18,30
64875,66,72,60,78,72,18,30
64907,66,72,60,78,72,18,30
64927.0,66,72,60,78,72,18,30
64927.0,66,72,60,72,72,18,30
64927.0,66,72,60,72,72,24,30
64939.0,66,72,60,72,72,24,30
64939.0,66,72,60,66,72,24,30
64939.0,66,72,60,66,78,24,30
64961,66,72,60,66,78,24,30
64962,66,72,60,66,78,24,30
65007.0,66,72,60,66,78,24,30
65007.0,66,66,60,66,78,24,30
65007.0,66,72,60,66,78,24,30
65029.0,66,72,60,66,78,24,30
65029.0,66,66,60,66,78,24,30
65029.0,66,72,60,66,78,24,30
65036,66,72,60,66,78,24,30
65061,66,72,60,66,78,24,30
65061,66,72,60,66,78,24,30
65241,66,72,60,66,78,24,30
65241,66,72,60,66,78,24,30
65302,66,72,60,66,78,24,30
65321,66,72,60,66,78,24,30
65340.0,66,72,60,66,78,24,30
65340.0,66,72,60,66,78,24,24
65340.0,66,72,60,66,78,30,24
65348,66,72,60,66,78,30,24
65470,66,72,60,66,78,30,24
65473,66,72,60,66,78,30,24
65483,66,72,60,66,78,30,24
65483,66,72,60,66,78,30,24
65522,66,72,60,66,78,30,24
65522,66,72,60,66,78,30,24
65536,66,72,60,66,78,30,24
65536,66,72,60,66,78,30,24
65548,66,72,60,66,78,30,24
65548,66,72,60,66,78,30,24
65553,66,72,60,66,78,30,24
65553,66,72,60,66,78,30,24
65553,66,72,60,66,78,30,24
65563,66,72,60,66,78,30,24
65563,66,72,60,66,78,30,24
65640,66,72,60,66,78,30,24
65703,66,72,60,66,78,30,24
65714.0,66,72,60,66,78,30,24
65714.0,60,72,60,66,78,30,24
65714.0,60,78,60,66,78,30,24
65714.0,60,78,60,66,78,30,24
65714.0,60,72,60,66,78,30,24
65714.0,60,78,60,66,78,30,24
65799,60,78,60,66,78,30,24
65799,60,78,60,66,78,30,24
65800,60,78,60,66,78,30,24
65800,60,78,60,66,78,30,24
65824,60,78,60,66,78,30,24
65837,60,78,60,66,78,30,24
65837,60,78,60,66,78,30,24
65837,60,78,60,66,78,30,24
65855,60,78,60,66,78,30,24
65887,60,78,60,66,78,30,24
65887,60,78,60,66,78,30,24
65887,60,78,60,66,78,30,24
65929,60,78,60,66,78,30,24
65929,60,78,60,66,78,30,24
65929,60,78,60,66,78,30,24
66006,60,78,60,66,78,30,24
66055.0,60,78,60,66,78,30,24
66055.0,60,78,54,66,78,30,24
66055.0,60,84,54,66,78,30,24
66061,60,84,54,66,78,30,24
66061.0,60,84,54,66,78,30,24
66061.0,60,78,54,66,78,30,24
66061.0,60,84,54,66,78,30,24
66065,60,84,54,66,78,30,24
66065,60,84,54,66,78,30,24
66131,60,84,54,66,78,30,24
66131,60,84,54,66,78,30,24
66131,60,84,54,66,78,30,24
66142.0,60,84,54,66,78,30,24
66142.0,54,84,54,66,78,30,24
66142.0,54,90,54,66,78,30,24
66227,54,90,54,66,78,30,24
66229,54,90,54,66,78,30,24
66229,54,90,54,66,78,30,24
66229,54,90,54,66,78,30,24
66267.0,54,90,54,66,78,30,24
66267.0,54,84,54,66,78,30,24
66267.0,54,90,54,66,78,30,24
66328,54,90,54,66,78,30,24
66328,54,90,54,66,78,30,24
66387,54,90,54,66,78,30,24
66417,54,90,54,66,78,30,24
66417,54,90,54,66,78,30,24
66441,54,90,54,66,78,30,24
66441,54,90,54,66,78,30,24
66441,54,90,54,66,78,30,24
66452,54,90,54,66,78,30,24
66452,54,90,54,66,78,30,24
66455,54,90,54,66,78,30,24
66455,54,90,54,66,78,30,24
66455,54,90,54,66,78,30,24
66546,54,90,54,66,78,30,24
66548.0,54,90,54,66,78,30,24
66548.0,54,90,54,60,78,30,24
66548.0,54,90,54,60,78,36,24
66605,54,90,54,60,78,36,24
66622,54,90,54,60,78,36,24
66622,54,90,54,60,78,36,24
66633,54,90,54,60,78,36,24
66637,54,90,54,60,78,36,24
66637,54,90,54,60,78,36,24
66637,54,90,54,60,78,36,24
66702,54,90,54,60,78,36,24
66702,54,90,54,60,78,36,24
66702,54,90,54,60,78,36,24
66758,54,90,54,60,78,36,24
66782,54,90,54,60,78,36,24
66838,54,90,54,60,78,36,24
66838,54,90,54,60,78,36,24
66838,54,90,54,60,78,36,24
66846,54,90,54,60,78,36,24
66846,54,90,54,60,78,36,24
66849,54,90,54,60,78,36,24
66858,54,90,54,60,78,36,24
66858,54,90,54,60,78,36,24
66858,54,90,54,60,78,36,24
66998,54,90,54,60,78,36,24
66998,54,90,54,60,78,36,24
66998,54,90,54,60,78,36,24
67012,54,90,54,60,78,36,24
67012,54,90,54,60,78,36,24
67012,54,90,54,60,78,36,24
67031,54,90,54,60,78,36,24
67031,54,90,54,60,78,36,24
67031,54,90,54,60,78,36,24
67076,54,90,54,60,78,36,24
67076,54,90,54,60,78,36,24
67076,54,90,54,60,78,36,24
67094,54,90,54,60,78,36,24
67094,54,90,54,60,78,36,24
67094,54,90,54,60,78,36,24
67109,54,90,54,60,78,36,24
67109,54,90,54,60,78,36,24
67109,54,90,54,60,78,36,24
67132,54,90,54,60,78,36,24
67132,54,90,54,60,78,36,24
67132,54,90,54,60,78,36,24
67136,54,90,54,60,78,36,24
67136,54,90,54,60,78,36,24
67136,54,90,54,60,78,36,24
67144.0,54,90,54,60,78,36,24
67144.0,54,90,48,60,78,36,24
67144.0,54,96,48,60,78,36,24
67223,54,96,48,60,78,36,24
67223,54,96,48,60,78,36,24
67223,54,96,48,60,78,36,24
67255,54,96,48,60,78,36,24
67255,54,96,48,60,78,36,24
67255,54,96,48,60,78,36,24
67274,54,96,48,60,78,36,24
67274,54,96,48,60,78,36,24
67291,54,96,48,60,78,36,24
67407.0,54,96,48,60,78,36,24
67407.0,54,90,48,60,78,36,24
67407.0,54,96,48,60,78,36,24
67561,54,96,48,60,78,36,24
67561,54,96,48,60,78,36,24
67579,54,96,48,60,78,36,24
67579,54,96,48,60,78,36,24
67746,54,96,48,60,78,36,24
67746,54,96,48,60,78,36,24
67820,54,96,48,60,78,36,24
67820,54,96,48,60,78,36,24
67820,54,96,48,60,78,36,24
67848.0,54,96,48,60,78,36,24
67848.0,48,96,48,60,78,36,24
67848.0,48,102,48,60,78,36,24
67855,48,102,48,60,78,36,24
67855,48,102,48,60,78,36,24
67855,48,102,48,60,78,36,24
67859,48,102,48,60,78,36,24
67859,48,102,48,60,78,36,24
67859,48,102,48,60,78,36,24
67877,48,102,48,60,78,36,24
67877,48,102,48,60,78,36,24
67883,48,102,48,60,78,36,24
67883,48,102,48,60,78,36,24
67883,48,102,48,60,78,36,24
67899,48,102,48,60,78,36,24
67899,48,102,48,60,78,36,24
67899,48,102,48,60,78,36,24
67988,48,102,48,60,78,36,24
67988,48,102,48,60,78,36,24
67988,48,102,48,60,78,36,24
68015,48,102,48,60,78,36,24
68015,48,102,48,60,78,36,24
68015,48,102,48,60,78,36,24
68055.0,48,102,48,60,78,36,24
68055.0,48,102,48,54,78,36,24
68055.0,48,102,48,54,78,42,24
68061.0,48,102,48,54,78,42,24
68061.0,48,102,48,54,72,42,24
68061.0,48,102,48,54,72,48,24
68068,48,102,48,54,72,48,24
68068,48,102,48,54,72,48,24
68068,48,102,48,54,72,48,24
68070,48,102,48,54,72,48,24
68070,48,102,48,54,72,48,24
68070,48,102,48,54,72,48,24
68118,48,102,48,54,72,48,24
68118,48,102,48,54,72,48,24
68118,48,102,48,54,72,48,24
68147,48,102,48,54,72,48,24
68147,48,102,48,54,72,48,24
68147,48,102,48,54,72,48,24
68195,48,102,48,54,72,48,24
68195,48,102,48,54,72,48,24
68195,48,102,48,54,72,48,24
68210,48,102,48,54,72,48,24
68210,48,102,48,54,72,48,24
68210,48,102,48,54,72,48,24
68215.0,48,102,48,54,72,48,24
68215.0,48,102,42,54,72,48,24
68215.0,48,108,42,54,72,48,24
68255.0,48,108,42,54,72,48,24
68255.0,48,108,42,54,66,48,24
68255.0,48,108,42,54,66,54,24
68261,48,108,42,54,66,54,24
68261,48,108,42,54,66,54,24
68261,48,108,42,54,66,54,24
68263,48,108,42,54,66,54,24
68263,48,108,42,54,66,54,24
68263,48,108,42,54,66,54,24
68275,48,108,42,54,66,54,24
68275,48,108,42,54,66,54,24
68275,48,108,42,54,66,54,24
68357,48,108,42,54,66,54,24
68357,48,108,42,54,66,54,24
68357,48,108,42,54,66,54,24
68388,48,108,42,54,66,54,24
68388,48,108,42,54,66,54,24
68388,48,108,42,54,66,54,24
68400,48,108,42,54,66,54,24
68422,48,108,42,54,66,54,24
68422,48,108,42,54,66,54,24
68422,48,108,42,54,66,54,24
68467.0,48,108,42,54,66,54,24
68467.0,48,108,36,54,66,54,24
68467.0,48,114,36,54,66,54,24
68513,48,114,36,54,66,54,24
68513,48,114,36,54,66,54,24
68513,48,114,36,54,66,54,24
68518,48,114,36,54,66,54,24
68518,48,114,36,54,66,54,24
68518,48,114,36,54,66,54,24
68542,48,114,36,54,66,54,24
68542,48,114,36,54,66,54,24
68542,48,114,36,54,66,54,24
68575,48,114,36,54,66,54,24
68575,48,114,36,54,66,54,24
68575,48,114,36,54,66,54,24
68591.0,48,114,36,54,66,54,24
68591.0,48,114,36,54,66,54,18
68591.0,48,114,36,54,66,60,18
68606.0,48,114,36,54,66,60,18
68606.0,48,114,36,48,66,60,18
68606.0,48,114,36,48,66,66,18
68676,48,114,36,48,66,66,18
68676,48,114,36,48,66,66,18
68758,48,114,36,48,66,66,18
68758,48,114,36,48,66,66,18
68758,48,114,36,48,66,66,18
68955,48,114,36,48,66,66,18
68955,48,114,36,48,66,66,18
68955,48,114,36,48,66,66,18
69052.0,48,114,36,48,66,66,18
69052.0,48,108,36,48,66,66,18
69052.0,48,114,36,48,66,66,18
69087,48,114,36,48,66,66,18
69087,48,114,36,48,66,66,18
69087,48,114,36,48,66,66,18
69100,48,114,36,48,66,66,18
69100,48,114,36,48,66,66,18
69100,48,114,36,48,66,66,18
69136,48,114,36,48,66,66,18
69136,48,114,36,48,66,66,18
69136,48,114,36,48,66,66,18
69146,48,114,36,48,66,66,18
69146,48,114,36,48,66,66,18
69146,48,114,36,48,66,66,18
69213,48,114,36,48,66,66,18
69213,48,114,36,48,66,66,18
69213,48,114,36,48,66,66,18
69230,48,114,36,48,66,66,18
69230,48,114,36,48,66,66,18
69272,48,114,36,48,66,66,18
69331,48,114,36,48,66,66,18
69331,48,114,36,48,66,66,18
69331,48,114,36,48,66,66,18
69337,48,114,36,48,66,66,18
69337,48,114,36,48,66,66,18
69337,48,114,36,48,66,66,18
69369.0,48,114,36,48,66,66,18
69369.0,48,114,30,48,66,66,18
69369.0,48,120,30,48,66,66,18
69433,48,120,30,48,66,66,18
69433,48,120,30,48,66,66,18
69433,48,120,30,48,66,66,18
69512,48,120,30,48,66,66,18
69512,48,120,30,48,66,66,18
69512,48,120,30,48,66,66,18
69531,48,120,30,48,66,66,18
69531,48,120,30,48,66,66,18
69531,48,120,30,48,66,66,18
69542,48,120,30,48,66,66,18
69542,48,120,30,48,66,66,18
69542,48,120,30,48,66,66,18
69597.0,48,120,30,48,66,66,18
69597.0,48,120,30,42,66,66,18
69597.0,48,120,30,42,66,72,18
69640,48,120,30,42,66,72,18
69640,48,120,30,42,66,72,18
69640,48,120,30,42,66,72,18
69655.0,48,120,30,42,66,72,18
69655.0,48,114,30,42,66,72,18
69655.0,48,114,36,42,66,72,18
69667,48,114,36,42,66,72,18
69667,48,114,36,42,66,72,18
69667,48,114,36,42,66,72,18
69863,48,114,36,42,66,72,18
69863,48,114,36,42,66,72,18
69888,48,114,36,42,66,72,18
69888,48,114,36,42,66,72,18
69888,48,114,36,42,66,72,18
70033,48,114,36,42,66,72,18
70033,48,114,36,42,66,72,18
70033,48,114,36,42,66,72,18
70074,48,114,36,42,66,72,18
70074,48,114,36,42,66,72,18
70074,48,114,36,42,66,72,18
70132,48,114,36,42,66,72,18
70189,48,114,36,42,66,72,18
70189,48,114,36,42,66,72,18
70213,48,114,36,42,66,72,18
70238,48,114,36,42,66,72,18
70238,48,114,36,42,66,72,18
70238,48,114,36,42,66,72,18
70254,48,114,36,42,66,72,18
70254,48,114,36,42,66,72,18
70254,48,114,36,42,66,72,18
70283,48,114,36,42,66,72,18
70283,48,114,36,42,66,72,18
70283,48,114,36,42,66,72,18
70357,48,114,36,42,66,72,18
70357,48,114,36,42,66,72,18
70357,48,114,36,42,66,72,18
70370,48,114,36,42,66,72,18
70370,48,114,36,42,66,72,18
70382,48,114,36,42,66,72,18
70382,48,114,36,42,66,72,18
70382,48,114,36,42,66,72,18
70443.0,48,114,36,42,66,72,18
70443.0,48,114,36,42,60,72,18
70443.0,48,114,36,42,60,78,18
70457.0,48,114,36,42,60,78,18
70457.0,48,114,36,42,60,72,18
70457.0,48,114,36,42,60,78,18
70457.0,48,114,36,42,60,78,18
70457.0,48,114,36,42,60,72,18
70457.0,48,114,36,42,60,78,18
70543,48,114,36,42,60,78,18
70543,48,114,36,42,60,78,18
70543,48,114,36,42,60,78,18
70567.0,48,114,36,42,60,78,18
70567.0,42,114,36,42,60,78,18
70567.0,48,114,36,42,60,78,18
70569.0,48,114,36,42,60,78,18
70569.0,48,108,36,42,60,78,18
70569.0,48,114,36,42,60,78,18
70574,48,114,36,42,60,78,18
70574,48,114,36,42,60,78,18
70574,48,114,36,42,60,78,18
70597,48,114,36,42,60,78,18
70597,48,114,36,42,60,78,18
70597,48,114,36,42,60,78,18
70671,48,114,36,42,60,78,18
70671,48,114,36,42,60,78,18
70671,48,114,36,42,60,78,18
70689.0,48,114,36,42,60,78,18
70689.0,48,114,36,36,60,78,18
70689.0,48,114,36,36,60,84,18
70700,48,114,36,36,60,84,18
70700,48,114,36,36,60,84,18
70700,48,114,36,36,60,84,18
70746,48,114,36,36,60,84,18
70746,48,114,36,36,60,84,18
70783,48,114,36,36,60,84,18
70783,48,114,36,36,60,84,18
70783,48,114,36,36,60,84,18
70999.0,48,114,36,36,60,84,18
70999.0,48,114,36,36,60,78,18
70999.0,48,114,36,36,60,84,18
71005,48,114,36,36,60,84,18
71005,48,114,36,36,60,84,18
71005,48,114,36,36,60,84,18
71005,48,114,36,36,60,84,18
71005,48,114,36,36,60,84,18
71005,48,114,36,36,60,84,18
71008,48,114,36,36,60,84,18
71008,48,114,36,36,60,84,18
71008,48,114,36,36,60,84,18
71067.0,48,114,36,36,60,84,18
71067.0,48,108,36,36,60,84,18
71067.0,54,108,36,36,60,84,18
71103,54,108,36,36,60,84,18
71103,54,108,36,36,60,84,18
71103,54,108,36,36,60,84,18
71198,54,108,36,36,60,84,18
71198,54,108,36,36,60,84,18
71198,54,108,36,36,60,84,18
71300,54,108,36,36,60,84,18
71300,54,108,36,36,60,84,18
71300,54,108,36,36,60,84,18
71344,54,108,36,36,60,84,18
71344,54,108,36,36,60,84,18
71344,54,108,36,36,60,84,18
71373,54,108,36,36,60,84,18
71373,54,108,36,36,60,84,18
71373,54,108,36,36,60,84,18
71412,54,108,36,36,60,84,18
71412,54,108,36,36,60,84,18
71412,54,108,36,36,60,84,18
71482.0,54,108,36,36,60,84,18
71482.0,54,108,36,36,54,84,18
71482.0,54,108,36,36,54,90,18
71490,54,108,36,36,54,90,18
71490,54,108,36,36,54,90,18
71490,54,108,36,36,54,90,18
71611,54,108,36,36,54,90,18
71611,54,108,36,36,54,90,18
71612,54,108,36,36,54,90,18
71612,54,108,36,36,54,90,18
71612,54,108,36,36,54,90,18
71772,54,108,36,36,54,90,18
71772,54,108,36,36,54,90,18
71772,54,108,36,36,54,90,18
71863,54,108,36,36,54,90,18
71863,54,108,36,36,54,90,18
71863,54,108,36,36,54,90,18
71941.0,54,108,36,36,54,90,18
71941.0,54,108,36,30,54,90,18
71941.0,54,108,36,30,54,96,18
72000,54,108,36,30,54,96,18
72112,54,108,36,30,54,96,18
72112,54,108,36,30,54,96,18
72112,54,108,36,30,54,96,18
72168,54,108,36,30,54,96,18
72168,54,108,36,30,54,96,18
72168,54,108,36,30,54,96,18
72191.0,54,108,36,30,54,96,18
72191.0,54,108,36,30,54,90,18
72191.0,54,108,36,30,54,90,24
72196,54,108,36,30,54,90,24
72196,54,108,36,30,54,90,24
72245,54,108,36,30,54,90,24
72245,54,108,36,30,54,90,24
72245,54,108,36,30,54,90,24
72261.0,54,108,36,30,54,90,24
72261.0,54,108,36,30,54,84,24
72261.0,54,108,36,30,54,90,24
72356,54,108,36,30,54,90,24
72356,54,108,36,30,54,90,24
72356,54,108,36,30,54,90,24
72387,54,108,36,30,54,90,24
72387,54,108,36,30,54,90,24
72387,54,108,36,30,54,90,24
72387,54,108,36,30,54,90,24
72387,54,108,36,30,54,90,24
72387,54,108,36,30,54,90,24
72417,54,108,36,30,54,90,24
72417,54,108,36,30,54,90,24
72447,54,108,36,30,54,90,24
72447,54,108,36,30,54,90,24
72447,54,108,36,30,54,90,24
72682.0,54,108,36,30,54,90,24
72682.0,54,108,36,30,54,84,24
72682.0,54,108,36,30,54,84,30
72735,54,108,36,30,54,84,30
72735,54,108,36,30,54,84,30
72735,54,108,36,30,54,84,30
72803.0,54,108,36,30,54,84,30
72803.0,54,108,36,30,54,84,24
72803.0,54,108,36,36,54,84,24
72948,54,108,36,36,54,84,24
72948,54,108,36,36,54,84,24
72948,54,108,36,36,54,84,24
72985,54,108,36,36,54,84,24
72985,54,108,36,36,54,84,24
72985,54,108,36,36,54,84,24
73098,54,108,36,36,54,84,24
73098,54,108,36,36,54,84,24
73098,54,108,36,36,54,84,24
73140.0,54,108,36,36,54,84,24
73140.0,54,108,36,36,54,78,24
73140.0,54,108,36,36,54,84,24
73197.0,54,108,36,36,54,84,24
73197.0,54,108,36,36,54,78,24
73197.0,54,108,36,36,54,78,30
73232,54,108,36,36,54,78,30
73232,54,108,36,36,54,78,30
73232,54,108,36,36,54,78,30
73260.0,54,108,36,36,54,78,30
73260.0,54,102,36,36,54,78,30
73260.0,60,102,36,36,54,78,30
73261,60,102,36,36,54,78,30
73261,60,102,36,36,54,78,30
73261,60,102,36,36,54,78,30
73264,60,102,36,36,54,78,30
73264,60,102,36,36,54,78,30
73264,60,102,36,36,54,78,30
73353,60,102,36,36,54,78,30
73353,60,102,36,36,54,78,30
73353,60,102,36,36,54,78,30
73379,60,102,36,36,54,78,30
73379,60,102,36,36,54,78,30
73379,60,102,36,36,54,78,30
73415,60,102,36,36,54,78,30
73415,60,102,36,36,54,78,30
73415,60,102,36,36,54,78,30
73491,60,102,36,36,54,78,30
73491,60,102,36,36,54,78,30
73491,60,102,36,36,54,78,30
73514.0,60,102,36,36,54,78,30
73514.0,60,96,36,36,54,78,30
73514.0,60,102,36,36,54,78,30
73647.0,60,102,36,36,54,78,30
73647.0,60,102,36,36,48,78,30
73647.0,60,102,36,42,48,78,30
73698,60,102,36,42,48,78,30
73698,60,102,36,42,48,78,30
73698,60,102,36,42,48,78,30
73755,60,102,36,42,48,78,30
73755,60,102,36,42,48,78,30
73755,60,102,36,42,48,78,30
73756,60,102,36,42,48,78,30
73756,60,102,36,42,48,78,30
73756,60,102,36,42,48,78,30
73807,60,102,36,42,48,78,30
73807,60,102,36,42,48,78,30
73807,60,102,36,42,48,78,30
73810,60,102,36,42,48,78,30
73810,60,102,36,42,48,78,30
73810,60,102,36,42,48,78,30
73835,60,102,36,42,48,78,30
73835,60,102,36,42,48,78,30
73835,60,102,36,42,48,78,30
73895,60,102,36,42,48,78,30
73895,60,102,36,42,48,78,30
73895,60,102,36,42,48,78,30
73898,60,102,36,42,48,78,30
73898,60,102,36,42,48,78,30
73898,60,102,36,42,48,78,30
73913.0,60,102,36,42,48,78,30
73913.0,60,96,36,42,48,78,30
73913.0,60,96,42,42,48,78,30
74113.0,60,96,42,42,48,78,30
74113.0,60,90,42,42,48,78,30
74113.0,66,90,42,42,48,78,30
74160,66,90,42,42,48,78,30
74160,66,90,42,42,48,78,30
74160,66,90,42,42,48,78,30
74289,66,90,42,42,48,78,30
74289,66,90,42,42,48,78,30
74289,66,90,42,42,48,78,30
74295,66,90,42,42,48,78,30
74295,66,90,42,42,48,78,30
74303,66,90,42,42,48,78,30
74333,66,90,42,42,48,78,30
74333,66,90,42,42,48,78,30
74333,66,90,42,42,48,78,30
74346,66,90,42,42,48,78,30
74346,66,90,42,42,48,78,30
74346,66,90,42,42,48,78,30
74368,66,90,42,42,48,78,30
74368,66,90,42,42,48,78,30
74368,66,90,42,42,48,78,30
74463.0,66,90,42,42,48,78,30
74463.0,60,90,42,42,48,78,30
74463.0,60,96,42,42,48,78,30
74527.0,60,96,42,42,48,78,30
74527.0,60,96,42,42,48,72,30
74527.0,60,96,42,42,54,72,30
74545,60,96,42,42,54,72,30
74545,60,96,42,42,54,72,30
74545,60,96,42,42,54,72,30
74606.0,60,96,42,42,54,72,30
74606.0,60,96,42,42,54,66,30
74606.0,60,96,42,42,54,72,30
74657.0,60,96,42,42,54,72,30
74657.0,60,96,42,42,54,66,30
74657.0,60,96,42,42,54,66,36
74719,60,96,42,42,54,66,36
74719,60,96,42,42,54,66,36
74719,60,96,42,42,54,66,36
74727,60,96,42,42,54,66,36
74727,60,96,42,42,54,66,36
74749.0,60,96,42,42,54,66,36
74749.0,60,96,42,42,54,60,36
74749.0,60,96,42,48,54,60,36
74754,60,96,42,48,54,60,36
74754,60,96,42,48,54,60,36
74775,60,96,42,48,54,60,36
74775,60,96,42,48,54,60,36
74786,60,96,42,48,54,60,36
74786,60,96,42,48,54,60,36
74786,60,96,42,48,54,60,36
74847.0,60,96,42,48,54,60,36
74847.0,60,96,42,42,54,60,36
74847.0,60,96,42,42,60,60,36
74888.0,60,96,42,42,60,60,36
74888.0,60,96,36,42,60,60,36
74888.0,60,102,36,42,60,60,36
74934,60,102,36,42,60,60,36
74934,60,102,36,42,60,60,36
74934,60,102,36,42,60,60,36
75191,60,102,36,42,60,60,36
75191,60,102,36,42,60,60,36
75195,60,102,36,42,60,60,36
75195,60,102,36,42,60,60,36
75195,60,102,36,42,60,60,36
75256,60,102,36,42,60,60,36
75256,60,102,36,42,60,60,36
75293,60,102,36,42,60,60,36
75293,60,102,36,42,60,60,36
75317,60,102,36,42,60,60,36
75317,60,102,36,42,60,60,36
75348,60,102,36,42,60,60,36
75348,60,102,36,42,60,60,36
75348,60,102,36,42,60,60,36
75360,60,102,36,42,60,60,36
75360,60,102,36,42,60,60,36
75361,60,102,36,42,60,60,36
75361,60,102,36,42,60,60,36
75361,60,102,36,42,60,60,36
75366,60,102,36,42,60,60,36
75366,60,102,36,42,60,60,36
75366,60,102,36,42,60,60,36
75392,60,102,36,42,60,60,36
75392,60,102,36,42,60,60,36
75392,60,102,36,42,60,60,36
75431,60,102,36,42,60,60,36
75431,60,102,36,42,60,60,36
75431,60,102,36,42,60,60,36
75597.0,60,102,36,42,60,60,36
75597.0,60,102,36,42,60,60,30
75597.0,60,102,36,48,60,60,30
75600,60,102,36,48,60,60,30
75601,60,102,36,48,60,60,30
75601,60,102,36,48,60,60,30
75601,60,102,36,48,60,60,30
75637,60,102,36,48,60,60,30
75637,60,102,36,48,60,60,30
75637,60,102,36,48,60,60,30
75657,60,102,36,48,60,60,30
75657,60,102,36,48,60,60,30
75657,60,102,36,48,60,60,30
75660.0,60,102,36,48,60,60,30
75660.0,54,102,36,48,60,60,30
75660.0,54,102,42,48,60,60,30
75772,54,102,42,48,60,60,30
75772,54,102,42,48,60,60,30
75772,54,102,42,48,60,60,30
75772,54,102,42,48,60,60,30
75772,54,102,42,48,60,60,30
75772,54,102,42,48,60,60,30
75772.0,54,102,42,48,60,60,30
75772.0,54,102,42,48,60,60,24
75772.0,54,102,42,48,60,60,30
75815,54,102,42,48,60,60,30
75815,54,102,42,48,60,60,30
75815,54,102,42,48,60,60,30
75861.0,54,102,42,48,60,60,30
75861.0,54,102,42,48,60,54,30
75861.0,54,102,42,54,60,54,30
75867.0,54,102,42,54,60,54,30
75867.0,48,102,42,54,60,54,30
75867.0,54,102,42,54,60,54,30
76066,54,102,42,54,60,54,30
76066,54,102,42,54,60,54,30
76066,54,102,42,54,60,54,30
76147,54,102,42,54,60,54,30
76147,54,102,42,54,60,54,30
76147,54,102,42,54,60,54,30
76197,54,102,42,54,60,54,30
76197,54,102,42,54,60,54,30
76197,54,102,42,54,60,54,30
76217,54,102,42,54,60,54,30
76217,54,102,42,54,60,54,30
76217,54,102,42,54,60,54,30
76226,54,102,42,54,60,54,30
76226,54,102,42,54,60,54,30
76226,54,102,42,54,60,54,30
76227,54,102,42,54,60,54,30
76227,54,102,42,54,60,54,30
76227,54,102,42,54,60,54,30
76239,54,102,42,54,60,54,30
76239,54,102,42,54,60,54,30
76239,54,102,42,54,60,54,30
76245,54,102,42,54,60,54,30
76245,54,102,42,54,60,54,30
76356,54,102,42,54,60,54,30
76356,54,102,42,54,60,54,30
76356,54,102,42,54,60,54,30
76372.0,54,102,42,54,60,54,30
76372.0,54,102,42,54,60,54,24
76372.0,54,102,42,54,60,60,24
76413,54,102,42,54,60,60,24
76420,54,102,42,54,60,60,24
76420,54,102,42,54,60,60,24
76434,54,102,42,54,60,60,24
76440,54,102,42,54,60,60,24
76440,54,102,42,54,60,60,24
76440,54,102,42,54,60,60,24
76444,54,102,42,54,60,60,24
76444,54,102,42,54,60,60,24
76444,54,102,42,54,60,60,24
76480,54,102,42,54,60,60,24
76480,54,102,42,54,60,60,24
76480,54,102,42,54,60,60,24
76496,54,102,42,54,60,60,24
76496,54,102,42,54,60,60,24
76496,54,102,42,54,60,60,24
76535.0,54,102,42,54,60,60,24
76535.0,48,102,42,54,60,60,24
76535.0,48,102,48,54,60,60,24
76575,48,102,48,54,60,60,24
76575,48,102,48,54,60,60,24
76575,48,102,48,54,60,60,24
76808,48,102,48,54,60,60,24
76808,48,102,48,54,60,60,24
76808,48,102,48,54,60,60,24
76953.0,48,102,48,54,60,60,24
76953.0,42,102,48,54,60,60,24
76953.0,42,102,54,54,60,60,24
77007.0,42,102,54,54,60,60,24
77007.0,42,96,54,54,60,60,24
77007.0,48,96,54,54,60,60,24
77040,48,96,54,54,60,60,24
77040,48,96,54,54,60,60,24
77040,48,96,54,54,60,60,24
77132.0,48,96,54,54,60,60,24
77132.0,48,96,54,54,54,60,24
77132.0,48,96,54,60,54,60,24
77150,48,96,54,60,54,60,24
77150,48,96,54,60,54,60,24
77150,48,96,54,60,54,60,24
77197,48,96,54,60,54,60,24
77197,48,96,54,60,54,60,24
77226,48,96,54,60,54,60,24
77226,48,96,54,60,54,60,24
77232,48,96,54,60,54,60,24
77232,48,96,54,60,54,60,24
77232,48,96,54,60,54,60,24
77272,48,96,54,60,54,60,24
77272,48,96,54,60,54,60,24
77272,48,96,54,60,54,60,24
77321,48,96,54,60,54,60,24
77321,48,96,54,60,54,60,24
77587.0,48,96,54,60,54,60,24
77587.0,48,96,48,60,54,60,24
77587.0,48,102,48,60,54,60,24
77612,48,102,48,60,54,60,24
77620.0,48,102,48,60,54,60,24
77620.0,42,102,48,60,54,60,24
77620.0,42,102,54,60,54,60,24
77657.0,42,102,54,60,54,60,24
77657.0,42,102,54,60,54,60,18
77657.0,42,102,54,60,54,60,24
77667.0,42,102,54,60,54,60,24
77667.0,42,102,54,60,48,60,24
77667.0,42,102,54,66,48,60,24
77701,42,102,54,66,48,60,24
77701,42,102,54,66,48,60,24
77701,42,102,54,66,48,60,24
77791,42,102,54,66,48,60,24
77791,42,102,54,66,48,60,24
77791,42,102,54,66,48,60,24
77898.0,42,102,54,66,48,60,24
77898.0,42,96,54,66,48,60,24
77898.0,48,96,54,66,48,60,24
77907,48,96,54,66,48,60,24
77907,48,96,54,66,48,60,24
77938,48,96,54,66,48,60,24
77938,48,96,54,66,48,60,24
77938,48,96,54,66,48,60,24
77941.0,48,96,54,66,48,60,24
77941.0,48,96,54,66,48,54,24
77941.0,48,96,54,66,48,54,30
78017,48,96,54,66,48,54,30
78042,48,96,54,66,48,54,30
78042,48,96,54,66,48,54,30
78042,48,96,54,66,48,54,30
78100,48,96,54,66,48,54,30
78100,48,96,54,66,48,54,30
78166,48,96,54,66,48,54,30
78166,48,96,54,66,48,54,30
78166,48,96,54,66,48,54,30
78203,48,96,54,66,48,54,30
78203,48,96,54,66,48,54,30
78203,48,96,54,66,48,54,30
78316,48,96,54,66,48,54,30
78316,48,96,54,66,48,54,30
78316,48,96,54,66,48,54,30
78317,48,96,54,66,48,54,30
78398,48,96,54,66,48,54,30
78398,48,96,54,66,48,54,30
78477,48,96,54,66,48,54,30
78477,48,96,54,66,48,54,30
78479,48,96,54,66,48,54,30
78479,48,96,54,66,48,54,30
78479,48,96,54,66,48,54,30
78660,48,96,54,66,48,54,30
78669,48,96,54,66,48,54,30
78669,48,96,54,66,48,54,30
78669,48,96,54,66,48,54,30
78704,48,96,54,66,48,54,30
78704,48,96,54,66,48,54,30
78704,48,96,54,66,48,54,30
78746.0,48,96,54,66,48,54,30
78746.0,48,96,54,60,48,54,30
78746.0,48,96,54,60,54,54,30
78746.0,48,96,54,60,54,54,30
78746.0,48,96,54,60,48,54,30
78746.0,48,96,54,60,48,60,30
78747,48,96,54,60,48,60,30
78747,48,96,54,60,48,60,30
78747,48,96,54,60,48,60,30
78949,48,96,54,60,48,60,30
78949,48,96,54,60,48,60,30
78949,48,96,54,60,48,60,30
78967,48,96,54,60,48,60,30
78967,48,96,54,60,48,60,30
78967,48,96,54,60,48,60,30
78995,48,96,54,60,48,60,30
78995,48,96,54,60,48,60,30
78995,48,96,54,60,48,60,30
79004,48,96,54,60,48,60,30
79004,48,96,54,60,48,60,30
79004,48,96,54,60,48,60,30
79029,48,96,54,60,48,60,30
79029,48,96,54,60,48,60,30
79029,48,96,54,60,48,60,30
79170,48,96,54,60,48,60,30
79170,48,96,54,60,48,60,30
79170,48,96,54,60,48,60,30
79175,48,96,54,60,48,60,30
79175,48,96,54,60,48,60,30
79175,48,96,54,60,48,60,30
79200,48,96,54,60,48,60,30
79254,48,96,54,60,48,60,30
79254,48,96,54,60,48,60,30
79254,48,96,54,60,48,60,30
79346.0,48,96,54,60,48,60,30
79346.0,48,96,54,60,48,54,30
79346.0,48,96,54,66,48,54,30
79361,48,96,54,66,48,54,30
79361,48,96,54,66,48,54,30
79399,48,96,54,66,48,54,30
79399,48,96,54,66,48,54,30
79399,48,96,54,66,48,54,30
79403.0,48,96,54,66,48,54,30
79403.0,48,96,54,60,48,54,30
79403.0,48,96,54,60,54,54,30
79415,48,96,54,60,54,54,30
79415,48,96,54,60,54,54,30
79759,48,96,54,60,54,54,30
79759,48,96,54,60,54,54,30
79759,48,96,54,60,54,54,30
79783,48,96,54,60,54,54,30
79783,48,96,54,60,54,54,30
79783,48,96,54,60,54,54,30
79814.0,48,96,54,60,54,54,30
79814.0,48,96,48,60,54,54,30
79814.0,48,96,54,60,54,54,30
79831,48,96,54,60,54,54,30
79831,48,96,54,60,54,54,30
79923,48,96,54,60,54,54,30
79923,48,96,54,60,54,54,30
80029,48,96,54,60,54,54,30
80029,48,96,54,60,54,54,30
80029,48,96,54,60,54,54,30
80130,48,96,54,60,54,54,30
80130,48,96,54,60,54,54,30
80130,48,96,54,60,54,54,30
80203,48,96,54,60,54,54,30
80203,48,96,54,60,54,54,30
80203,48,96,54,60,54,54,30
80211,48,96,54,60,54,54,30
80211,48,96,54,60,54,54,30
80211,48,96,54,60,54,54,30
80231,48,96,54,60,54,54,30
80231,48,96,54,60,54,54,30
80292,48,96,54,60,54,54,30
80292,48,96,54,60,54,54,30
80292,48,96,54,60,54,54,30
80365,48,96,54,60,54,54,30
80376,48,96,54,60,54,54,30
80376,48,96,54,60,54,54,30
80376,48,96,54,60,54,54,30
80416,48,96,54,60,54,54,30
80416,48,96,54,60,54,54,30
80416,48,96,54,60,54,54,30
80448.0,48,96,54,60,54,54,30
80448.0,48,90,54,60,54,54,30
80448.0,48,90,60,60,54,54,30
80452.0,48,90,60,60,54,54,30
80452.0,48,84,60,60,54,54,30
80452.0,48,84,66,60,54,54,30
80508,48,84,66,60,54,54,30
80508,48,84,66,60,54,54,30
80508,48,84,66,60,54,54,30
80550,48,84,66,60,54,54,30
80550,48,84,66,60,54,54,30
80550,48,84,66,60,54,54,30
80553.0,48,84,66,60,54,54,30
80553.0,48,84,60,60,54,54,30
80553.0,54,84,60,60,54,54,30
80594.0,54,84,60,60,54,54,30
80594.0,54,84,54,60,54,54,30
80594.0,54,90,54,60,54,54,30
80658,54,90,54,60,54,54,30
80658,54,90,54,60,54,54,30
80658,54,90,54,60,54,54,30
80661,54,90,54,60,54,54,30
80661,54,90,54,60,54,54,30
80661,54,90,54,60,54,54,30
80741,54,90,54,60,54,54,30
80741,54,90,54,60,54,54,30
80741,54,90,54,60,54,54,30
80798,54,90,54,60,54,54,30
80798,54,90,54,60,54,54,30
80798,54,90,54,60,54,54,30
80815.0,54,90,54,60,54,54,30
80815.0,54,84,54,60,54,54,30
80815.0,54,84,60,60,54,54,30
81083,54,84,60,60,54,54,30
81083,54,84,60,60,54,54,30
81083,54,84,60,60,54,54,30
81087,54,84,60,60,54,54,30
81087,54,84,60,60,54,54,30
81087,54,84,60,60,54,54,30
81139.0,54,84,60,60,54,54,30
81139.0,54,84,60,60,48,54,30
81139.0,54,84,60,66,48,54,30
81160,54,84,60,66,48,54,30
81160,54,84,60,66,48,54,30
81160,54,84,60,66,48,54,30
81187.0,54,84,60,66,48,54,30
81187.0,54,78,60,66,48,54,30
81187.0,60,78,60,66,48,54,30
81250,60,78,60,66,48,54,30
81250,60,78,60,66,48,54,30
81333.0,60,78,60,66,48,54,30
81333.0,60,78,60,66,42,54,30
81333.0,60,78,60,66,42,60,30
81334,60,78,60,66,42,60,30
81334,60,78,60,66,42,60,30
81334,60,78,60,66,42,60,30
81376,60,78,60,66,42,60,30
81376,60,78,60,66,42,60,30
81584,60,78,60,66,42,60,30
81584,60,78,60,66,42,60,30
81683,60,78,60,66,42,60,30
81683,60,78,60,66,42,60,30
81683,60,78,60,66,42,60,30
81702,60,78,60,66,42,60,30
81702,60,78,60,66,42,60,30
81720,60,78,60,66,42,60,30
81720,60,78,60,66,42,60,30
81720,60,78,60,66,42,60,30
81914.0,60,78,60,66,42,60,30
81914.0,60,72,60,66,42,60,30
81914.0,60,78,60,66,42,60,30
81941,60,78,60,66,42,60,30
81941,60,78,60,66,42,60,30
81941,60,78,60,66,42,60,30
81973,60,78,60,66,42,60,30
81973,60,78,60,66,42,60,30
81973,60,78,60,66,42,60,30
82046,60,78,60,66,42,60,30
82046,60,78,60,66,42,60,30
82046,60,78,60,66,42,60,30
82118,60,78,60,66,42,60,30
82118,60,78,60,66,42,60,30
82141.0,60,78,60,66,42,60,30
82141.0,60,78,60,66,42,60,24
82141.0,60,78,60,66,42,60,30
82144.0,60,78,60,66,42,60,30
82144.0,60,72,60,66,42,60,30
82144.0,66,72,60,66,42,60,30
82203,66,72,60,66,42,60,30
82203,66,72,60,66,42,60,30
82203,66,72,60,66,42,60,30
82263,66,72,60,66,42,60,30
82263,66,72,60,66,42,60,30
82263,66,72,60,66,42,60,30
82467.0,66,72,60,66,42,60,30
82467.0,66,72,60,60,42,60,30
82467.0,66,72,60,60,48,60,30
82500,66,72,60,60,48,60,30
82500,66,72,60,60,48,60,30
82500,66,72,60,60,48,60,30
82510,66,72,60,60,48,60,30
82510,66,72,60,60,48,60,30
82510,66,72,60,60,48,60,30
82558,66,72,60,60,48,60,30
82558,66,72,60,60,48,60,30
82558,66,72,60,60,48,60,30
82605,66,72,60,60,48,60,30
82605,66,72,60,60,48,60,30
82680,66,72,60,60,48,60,30
82680,66,72,60,60,48,60,30
82800,66,72,60,60,48,60,30
82829,66,72,60,60,48,60,30
82829,66,72,60,60,48,60,30
82953.0,66,72,60,60,48,60,30
82953.0,60,72,60,60,48,60,30
82953.0,60,78,60,60,48,60,30
82987.0,60,78,60,60,48,60,30
82987.0,54,78,60,60,48,60,30
82987.0,54,84,60,60,48,60,30
83019,54,84,60,60,48,60,30
83019,54,84,60,60,48,60,30
83037,54,84,60,60,48,60,30
83037,54,84,60,60,48,60,30
83057.0,54,84,60,60,48,60,30
83057.0,54,84,60,60,48,60,24
83057.0,54,84,60,60,48,60,30
83133,54,84,60,60,48,60,30
83133,54,84,60,60,48,60,30
83169,54,84,60,60,48,60,30
83169,54,84,60,60,48,60,30
83232.0,54,84,60,60,48,60,30
83232.0,54,84,60,54,48,60,30
83232.0,54,84,60,54,54,60,30
83459,54,84,60,54,54,60,30
83459,54,84,60,54,54,60,30
83491,54,84,60,54,54,60,30
83491,54,84,60,54,54,60,30
83501,54,84,60,54,54,60,30
83633,54,84,60,54,54,60,30
83639,54,84,60,54,54,60,30
83639,54,84,60,54,54,60,30
83639,54,84,60,54,54,60,30
83691,54,84,60,54,54,60,30
83691,54,84,60,54,54,60,30
83691,54,84,60,54,54,60,30
83889.0,54,84,60,54,54,60,30
83889.0,54,84,60,54,54,54,30
83889.0,54,84,60,60,54,54,30
83889.0,54,84,60,60,54,54,30
83889.0,54,84,60,54,54,54,30
83889.0,54,84,60,54,54,60,30
83948,54,84,60,54,54,60,30
83948,54,84,60,54,54,60,30
83948,54,84,60,54,54,60,30
84037,54,84,60,54,54,60,30
84037,54,84,60,54,54,60,30
84037,54,84,60,54,54,60,30
84127.0,54,84,60,54,54,60,30
84127.0,54,84,60,54,48,60,30
84127.0,54,84,60,60,48,60,30
84133,54,84,60,60,48,60,30
84133,54,84,60,60,48,60,30
84346,54,84,60,60,48,60,30
84346,54,84,60,60,48,60,30
84346,54,84,60,60,48,60,30
84592,54,84,60,60,48,60,30
84597.0,54,84,60,60,48,60,30
84597.0,54,84,60,54,48,60,30
84597.0,54,84,60,54,54,60,30
84637.0,54,84,60,54,54,60,30
84637.0,54,78,60,54,54,60,30
84637.0,60,78,60,54,54,60,30
84661.0,60,78,60,54,54,60,30
84661.0,60,72,60,54,54,60,30
84661.0,60,72,66,54,54,60,30
84664,60,72,66,54,54,60,30
84664,60,72,66,54,54,60,30
84731.0,60,72,66,54,54,60,30
84731.0,60,72,60,54,54,60,30
84731.0,66,72,60,54,54,60,30
84820.0,66,72,60,54,54,60,30
84820.0,66,72,54,54,54,60,30
84820.0,66,72,60,54,54,60,30
84866,66,72,60,54,54,60,30
84866,66,72,60,54,54,60,30
84866,66,72,60,54,54,60,30
84998,66,72,60,54,54,60,30
84998,66,72,60,54,54,60,30
84998,66,72,60,54,54,60,30
85099,66,72,60,54,54,60,30
85099,66,72,60,54,54,60,30
85189,66,72,60,54,54,60,30
85261,66,72,60,54,54,60,30
85261,66,72,60,54,54,60,30
85261,66,72,60,54,54,60,30
85353.0,66,72,60,54,54,60,30
85353.0,66,66,60,54,54,60,30
85353.0,72,66,60,54,54,60,30
85353.0,72,66,60,54,54,60,30
85353.0,66,66,60,54,54,60,30
85353.0,66,72,60,54,54,60,30
85379.0,66,72,60,54,54,60,30
85379.0,60,72,60,54,54,60,30
85379.0,60,72,66,54,54,60,30
85419.0,60,72,66,54,54,60,30
85419.0,60,72,66,48,54,60,30
85419.0,60,72,66,48,54,66,30
85420.0,60,72,66,48,54,66,30
85420.0,60,72,60,48,54,66,30
85420.0,66,72,60,48,54,66,30
85457,66,72,60,48,54,66,30
85457,66,72,60,48,54,66,30
85457,66,72,60,48,54,66,30
85507,66,72,60,48,54,66,30
85507,66,72,60,48,54,66,30
85701,66,72,60,48,54,66,30
85701,66,72,60,48,54,66,30
85701,66,72,60,48,54,66,30
85741.0,66,72,60,48,54,66,30
85741.0,66,72,60,48,54,66,24
85741.0,66,72,60,48,54,72,24
85931.0,66,72,60,48,54,72,24
85931.0,60,72,60,48,54,72,24
85931.0,60,72,66,48,54,72,24
85949,60,72,66,48,54,72,24
85949,60,72,66,48,54,72,24
85949,60,72,66,48,54,72,24
86026,60,72,66,48,54,72,24
86026,60,72,66,48,54,72,24
86062,60,72,66,48,54,72,24
86062,60,72,66,48,54,72,24
86062,60,72,66,48,54,72,24
86067.0,60,72,66,48,54,72,24
86067.0,54,72,66,48,54,72,24
86067.0,54,78,66,48,54,72,24
86073.0,54,78,66,48,54,72,24
86073.0,54,78,66,48,48,72,24
86073.0,54,78,66,54,48,72,24
86111,54,78,66,54,48,72,24
86111,54,78,66,54,48,72,24
86111,54,78,66,54,48,72,24
86223,54,78,66,54,48,72,24
86223,54,78,66,54,48,72,24
86223,54,78,66,54,48,72,24
86255.0,54,78,66,54,48,72,24
86255.0,54,78,66,54,48,66,24
86255.0,54,78,66,54,48,66,30
86329,54,78,66,54,48,66,30
86329,54,78,66,54,48,66,30
86329,54,78,66,54,48,66,30
86374,54,78,66,54,48,66,30
86374,54,78,66,54,48,66,30
86374,54,78,66,54,48,66,30
86385,54,78,66,54,48,66,30
86385,54,78,66,54,48,66,30
86385,54,78,66,54,48,66,30
86400,54,78,66,54,48,66,30
